
capacity	voltage
2.1124	4.4134
4.2249	4.4099
6.3373	4.4074
8.4494	4.4053
10.5617	4.4038
12.6746	4.4022
14.7870	4.4007
16.8994	4.3995
19.0111	4.3984
21.1234	4.3972
23.2367	4.3961
25.3481	4.3951
27.4615	4.3940
29.5727	4.3932
31.6851	4.3923
33.7988	4.3914
35.9112	4.3905
38.0221	4.3896
40.1344	4.3888
42.2468	4.3880
44.3609	4.3871
46.4715	4.3864
48.5838	4.3857
50.6961	4.3850
52.8106	4.3841
54.9208	4.3833
57.0332	4.3827
59.1455	4.3819
61.2578	4.3813
63.3728	4.3806
65.4825	4.3799
67.5948	4.3793
69.7072	4.3787
71.8195	4.3780
73.9319	4.3774
76.0442	4.3766
78.1597	4.3760
80.2689	4.3755
82.3812	4.3749
84.4936	4.3743
86.6059	4.3737
88.7182	4.3731
90.8306	4.3723
92.9429	4.3719
95.0591	4.3713
97.1676	4.3706
99.2799	4.3702
101.3923	4.3696
103.5046	4.3691
105.6169	4.3685
107.7293	4.3679
109.8416	4.3674
111.9540	4.3668
114.0663	4.3662
116.1786	4.3658
118.2958	4.3651
120.4033	4.3647
122.5157	4.3641
124.6280	4.3636
126.7403	4.3632
128.8527	4.3627
130.9704	4.3621
133.0774	4.3616
135.1897	4.3609
137.3020	4.3604
139.4144	4.3600
141.5267	4.3595
143.6390	4.3590
145.7514	4.3584
147.8637	4.3580
149.9822	4.3575
152.0884	4.3571
154.2007	4.3564
156.3131	4.3560
158.4254	4.3554
160.5378	4.3549
162.6501	4.3545
164.7692	4.3539
166.8748	4.3534
168.9940	4.3529
171.0995	4.3525
173.2118	4.3520
175.3241	4.3516
177.4437	4.3510
179.5488	4.3505
181.6611	4.3500
183.7735	4.3494
185.8858	4.3490
188.0058	4.3485
190.1105	4.3479
192.2228	4.3476
194.3431	4.3470
196.4475	4.3467
198.5599	4.3461
200.6722	4.3456
202.7928	4.3452
204.8969	4.3447
207.0092	4.3442
209.1301	4.3436
211.2339	4.3430
213.3462	4.3426
215.4586	4.3421
217.5709	4.3416
219.6832	4.3412
221.7956	4.3407
223.9079	4.3403
226.0203	4.3398
228.1419	4.3394
230.2449	4.3387
232.3573	4.3381
234.4696	4.3377
236.5820	4.3372
238.6943	4.3368
240.8165	4.3363
242.9190	4.3358
245.0313	4.3354
247.1537	4.3348
249.2560	4.3345
251.3786	4.3339
253.4807	4.3334
255.5930	4.3330
257.7053	4.3323
259.8177	4.3319
261.9300	4.3313
264.0424	4.3308
266.1547	4.3304
268.2670	4.3299
270.3794	4.3294
272.4917	4.3290
274.6041	4.3285
276.7164	4.3281
278.8287	4.3275
280.9411	4.3270
283.0534	4.3264
285.1658	4.3259
287.2781	4.3255
289.4022	4.3249
291.5028	4.3244
293.6151	4.3239
295.7274	4.3235
297.8519	4.3230
299.9521	4.3224
302.0645	4.3218
304.1892	4.3215
306.2891	4.3207
308.4141	4.3203
310.5138	4.3198
312.6262	4.3194
314.7385	4.3189
316.8508	4.3185
318.9632	4.3178
321.0755	4.3174
323.1879	4.3168
325.3002	4.3165
327.4125	4.3159
329.5249	4.3153
331.6372	4.3148
333.7495	4.3143
335.8619	4.3137
337.9742	4.3133
340.0866	4.3127
342.1989	4.3122
344.3112	4.3117
346.4236	4.3113
348.5359	4.3108
350.6483	4.3102
352.7606	4.3098
354.8729	4.3091
356.9853	4.3085
359.0976	4.3081
361.2100	4.3075
363.3223	4.3070
365.4346	4.3066
367.5470	4.3059
369.6593	4.3055
371.7716	4.3050
373.8840	4.3044
375.9963	4.3038
378.1087	4.3032
380.2365	4.3027
382.3333	4.3023
384.4457	4.3017
386.5580	4.3011
388.6704	4.3006
390.7827	4.3000
392.8795	4.2995
395.0074	4.2991
397.1197	4.2985
399.2321	4.2979
401.3286	4.2974
403.4567	4.2968
405.5691	4.2963
407.6814	4.2957
409.7937	4.2953
411.9061	4.2947
414.0184	4.2942
416.1308	4.2936
418.2431	4.2931
420.3554	4.2925
422.4678	4.2919
424.5801	4.2914
426.6925	4.2908
428.8048	4.2902
430.9171	4.2898
433.0295	4.2892
435.1418	4.2887
437.2542	4.2881
439.3665	4.2875
441.4788	4.2870
443.5912	4.2863
445.7035	4.2858
447.8158	4.2852
449.9282	4.2847
452.0405	4.2841
454.1529	4.2835
456.2652	4.2831
458.3775	4.2824
460.4899	4.2820
462.6022	4.2814
464.7146	4.2806
466.8269	4.2802
468.9584	4.2795
471.0516	4.2789
473.1639	4.2785
475.2763	4.2779
477.3886	4.2773
479.5009	4.2768
481.6133	4.2762
483.7256	4.2756
485.8379	4.2750
487.9503	4.2744
490.0626	4.2737
492.1750	4.2733
494.2873	4.2727
496.3996	4.2721
498.5120	4.2715
500.6243	4.2710
502.7367	4.2702
504.8490	4.2698
506.9613	4.2690
509.0737	4.2684
511.1860	4.2678
513.2984	4.2673
515.4107	4.2667
517.5230	4.2661
519.6354	4.2655
521.7477	4.2649
523.8600	4.2643
525.9724	4.2638
528.0847	4.2631
530.1971	4.2625
532.3094	4.2618
534.4217	4.2612
536.5341	4.2606
538.6464	4.2602
540.7588	4.2596
542.8711	4.2589
544.9834	4.2583
547.0958	4.2576
549.1864	4.2570
551.3205	4.2564
553.4328	4.2557
555.5451	4.2553
557.6575	4.2545
559.7698	4.2541
561.8821	4.2535
563.9945	4.2528
566.1068	4.2521
568.2192	4.2515
570.3315	4.2509
572.4438	4.2502
574.5562	4.2496
576.6685	4.2490
578.7809	4.2484
580.8932	4.2478
583.0055	4.2470
585.1179	4.2463
587.2302	4.2458
589.3193	4.2452
591.4549	4.2446
593.5438	4.2440
595.6796	4.2434
597.7919	4.2426
599.9042	4.2422
602.0166	4.2415
604.1289	4.2406
606.2413	4.2402
608.3536	4.2394
610.4659	4.2390
612.5783	4.2383
614.6906	4.2376
616.8030	4.2370
618.9153	4.2364
621.0276	4.2358
623.1400	4.2351
625.2523	4.2344
627.3647	4.2338
629.4770	4.2332
631.5893	4.2325
633.7017	4.2319
635.8140	4.2313
637.9263	4.2306
640.0387	4.2300
642.1510	4.2293
644.2379	4.2286
646.3757	4.2278
648.4625	4.2274
650.6004	4.2266
652.7127	4.2261
654.8251	4.2254
656.9374	4.2248
659.0237	4.2242
661.1621	4.2234
663.2482	4.2228
665.3605	4.2222
667.4991	4.2214
669.6114	4.2208
671.7238	4.2202
673.8095	4.2196
675.9484	4.2188
678.0608	4.2182
680.1731	4.2174
682.2855	4.2168
684.3978	4.2162
686.4831	4.2156
688.5953	4.2150
690.7348	4.2142
692.8472	4.2136
694.9321	4.2130
697.0718	4.2124
699.1842	4.2116
701.2965	4.2109
703.4089	4.2103
705.5212	4.2097
707.6335	4.2090
709.7459	4.2083
711.8582	4.2078
713.9705	4.2071
716.0829	4.2065
718.1952	4.2057
720.3076	4.2049
722.4199	4.2043
724.5322	4.2037
726.6446	4.2031
728.7569	4.2023
730.8693	4.2019
732.9816	4.2011
735.1239	4.2004
737.2363	4.1997
739.3186	4.1991
741.4310	4.1984
743.5433	4.1978
745.6556	4.1970
747.7680	4.1964
749.8803	4.1958
751.9926	4.1952
754.1050	4.1942
756.2173	4.1936
758.3297	4.1930
760.4420	4.1923
762.5543	4.1917
764.6667	4.1910
766.7790	4.1903
768.8914	4.1897
771.0037	4.1892
773.1160	4.1883
775.2284	4.1877
777.3407	4.1869
779.4531	4.1863
781.5654	4.1857
783.6777	4.1849
785.7901	4.1843
787.9024	4.1837
790.0470	4.1830
792.1271	4.1822
794.2394	4.1816
796.3518	4.1808
798.4641	4.1802
800.5764	4.1796
802.6888	4.1790
804.8011	4.1782
806.9135	4.1775
809.0258	4.1769
811.1381	4.1761
813.2505	4.1755
815.3628	4.1749
817.5085	4.1743
819.5875	4.1735
821.6998	4.1729
823.8122	4.1721
825.9582	4.1714
828.0368	4.1707
830.1492	4.1701
832.2955	4.1694
834.3739	4.1688
836.5203	4.1680
838.6327	4.1674
840.7452	4.1668
842.8576	4.1659
844.9356	4.1653
847.0824	4.1646
849.1602	4.1640
851.2726	4.1633
853.3849	4.1627
855.4973	4.1619
857.6096	4.1613
859.7219	4.1605
861.8343	4.1598
863.9466	4.1592
866.0589	4.1585
868.1713	4.1578
870.2836	4.1572
872.3960	4.1564
874.5083	4.1558
876.6206	4.1552
878.7330	4.1544
880.8453	4.1537
882.9577	4.1530
885.0700	4.1523
887.1823	4.1517
889.2947	4.1509
891.4070	4.1503
893.5194	4.1497
895.6317	4.1491
897.7440	4.1483
899.8564	4.1476
902.0055	4.1469
904.0810	4.1463
906.1934	4.1456
908.3057	4.1450
910.4181	4.1443
912.5304	4.1437
914.6800	4.1428
916.7551	4.1422
918.8674	4.1415
920.9798	4.1408
923.0921	4.1402
925.2044	4.1395
927.3168	4.1389
929.4291	4.1382
931.5415	4.1376
933.6538	4.1367
935.7661	4.1361
937.8785	4.1353
940.0291	4.1347
942.1031	4.1340
944.2155	4.1334
946.3278	4.1328
948.4402	4.1320
950.5525	4.1312
952.6648	4.1306
954.7395	4.1299
956.8895	4.1292
958.9640	4.1286
961.0763	4.1279
963.2265	4.1273
965.3389	4.1266
967.4512	4.1257
969.5636	4.1251
971.6759	4.1245
973.7882	4.1237
975.9006	4.1231
978.0129	4.1224
980.1252	4.1218
982.2376	4.1212
984.3499	4.1205
986.4623	4.1196
988.5746	4.1190
990.6869	4.1184
992.7601	4.1176
994.8724	4.1170
997.0240	4.1163
999.1363	4.1157
1001.2486	4.1151
1003.3610	4.1141
1005.4733	4.1135
1007.5857	4.1129
1009.6980	4.1123
1011.8103	4.1115
1013.9227	4.1109
1016.0350	4.1103
1018.1473	4.1097
1020.2194	4.1089
1022.3720	4.1082
1024.4439	4.1076
1026.5562	4.1068
1028.7090	4.1062
1030.7807	4.1056
1032.8930	4.1050
1035.0461	4.1042
1037.1584	4.1036
1039.2707	4.1027
1041.3831	4.1021
1043.4954	4.1015
1045.6078	4.1007
1047.7201	4.1001
1049.8324	4.0995
1051.9448	4.0987
1054.0571	4.0981
1056.1694	4.0975
1058.2818	4.0967
1060.3941	4.0961
1062.5065	4.0954
1064.5768	4.0948
1066.7311	4.0940
1068.8435	4.0934
1070.9558	4.0928
1073.0682	4.0920
1075.1805	4.0912
1077.2928	4.0906
1079.4052	4.0900
1081.5175	4.0893
1083.6299	4.0887
1085.7422	4.0880
1087.8116	4.0874
1089.9669	4.0867
1092.0361	4.0861
1094.1915	4.0853
1096.3039	4.0845
1098.4162	4.0839
1100.5286	4.0833
1102.6409	4.0826
1104.7532	4.0819
1106.8656	4.0813
1108.9779	4.0806
1111.0903	4.0798
1113.2026	4.0792
1115.3149	4.0784
1117.4273	4.0778
1119.4954	4.0772
1121.6520	4.0764
1123.7643	4.0758
1125.8322	4.0752
1127.9445	4.0746
1130.1013	4.0737
1132.2136	4.0731
1134.3260	4.0725
1136.4383	4.0719
1138.5507	4.0711
1140.6180	4.0705
1142.7753	4.0699
1144.8425	4.0691
1147.0000	4.0684
1149.1124	4.0677
1151.2247	4.0670
1153.3370	4.0664
1155.4494	4.0658
1157.5617	4.0650
1159.6741	4.0644
1161.7864	4.0638
1163.8987	4.0630
1166.0111	4.0624
1168.1234	4.0616
1170.2357	4.0609
1172.3481	4.0603
1174.4604	4.0597
1176.5728	4.0591
1178.6851	4.0584
1180.7974	4.0578
1182.8631	4.0569
1185.0221	4.0563
1187.1345	4.0557
1189.2468	4.0551
1191.3591	4.0545
1193.4244	4.0539
1195.5366	4.0531
1197.6962	4.0525
1199.8085	4.0517
1201.8734	4.0510
1204.0332	4.0504
1206.1455	4.0496
1208.2578	4.0490
1210.3224	4.0484
1212.4825	4.0478
1214.5949	4.0471
1216.7072	4.0464
1218.8195	4.0458
1220.9319	4.0450
1223.0442	4.0444
1225.1082	4.0438
1227.2689	4.0430
1229.3812	4.0424
1231.4936	4.0418
1233.6059	4.0412
1235.6695	4.0406
1237.7818	4.0397
1239.8940	4.0391
1242.0063	4.0385
1244.1185	4.0377
1246.2308	4.0371
1248.3430	4.0365
1250.4553	4.0359
1252.6170	4.0351
1254.7293	4.0345
1256.7921	4.0337
1258.9540	4.0331
1261.0663	4.0325
1263.1787	4.0317
1265.2910	4.0311
1267.3533	4.0305
1269.5157	4.0299
1271.6280	4.0293
1273.6901	4.0285
1275.8527	4.0278
1277.9146	4.0272
1280.0269	4.0266
1282.1897	4.0259
1284.3020	4.0252
1286.3636	4.0246
1288.4759	4.0240
1290.5881	4.0233
1292.7004	4.0227
1294.8637	4.0218
1296.9761	4.0212
1299.0372	4.0206
1301.2008	4.0200
1303.3131	4.0194
1305.4254	4.0186
1307.5378	4.0180
1309.5984	4.0174
1311.7625	4.0166
1313.8748	4.0160
1315.9871	4.0153
1318.0475	4.0146
1320.1597	4.0139
1322.2720	4.0133
1324.4365	4.0127
1326.4965	4.0121
1328.6087	4.0114
1330.7210	4.0107
1332.8858	4.0101
1334.9455	4.0093
1337.1105	4.0087
1339.1700	4.0081
1341.2823	4.0075
1343.3945	4.0067
1345.5599	4.0061
1347.6722	4.0055
1349.7846	4.0047
1351.8969	4.0041
1353.9558	4.0034
1356.0681	4.0027
1358.1803	4.0021
1360.2926	4.0014
1362.4048	4.0008
1364.5171	4.0002
1366.6293	3.9994
1368.7416	3.9988
1370.8539	3.9980
1372.9661	3.9974
1375.0784	3.9968
1377.1906	3.9960
1379.3029	3.9954
1381.4151	3.9948
1383.5274	3.9942
1385.6396	3.9933
1387.8067	3.9927
1389.8642	3.9921
1391.9764	3.9915
1394.0887	3.9908
1396.2009	3.9901
1398.3683	3.9895
1400.4254	3.9889
1402.5930	3.9882
1404.6499	3.9873
1406.8177	3.9867
1408.9300	3.9861
1410.9867	3.9855
1413.1547	3.9847
1415.2112	3.9841
1417.3235	3.9834
1419.4357	3.9828
1421.5480	3.9820
1423.6602	3.9814
1425.7725	3.9806
1427.8848	3.9800
1429.9970	3.9794
1432.1093	3.9788
1434.2215	3.9780
1436.3338	3.9774
1438.4460	3.9768
1440.5583	3.9760
1442.6705	3.9753
1444.7828	3.9747
1446.8951	3.9741
1449.0073	3.9734
1451.1768	3.9728
1453.2892	3.9721
1455.4015	3.9715
1457.5138	3.9707
1459.6262	3.9699
1461.6808	3.9693
1463.7931	3.9687
1465.9632	3.9681
1468.0176	3.9673
1470.1299	3.9667
1472.3002	3.9661
1474.3544	3.9655
1476.4666	3.9646
1478.5789	3.9640
1480.6911	3.9634
1482.8034	3.9628
1484.9157	3.9620
1487.0866	3.9614
1489.1989	3.9606
1491.2524	3.9600
1493.4236	3.9593
1495.5359	3.9586
1497.5892	3.9579
1499.7014	3.9574
1501.8730	3.9567
1503.9260	3.9561
1506.0976	3.9553
1508.2100	3.9547
1510.2627	3.9541
1512.3750	3.9533
1514.5470	3.9525
1516.5995	3.9519
1518.7117	3.9513
1520.8840	3.9507
1522.9963	3.9499
1525.1087	3.9493
1527.2210	3.9487
1529.3334	3.9481
1531.4457	3.9472
1533.5580	3.9466
1535.6704	3.9460
1537.7827	3.9452
1539.8343	3.9446
1541.9466	3.9440
1544.0588	3.9434
1546.1711	3.9428
1548.3444	3.9419
1550.4567	3.9413
1552.5078	3.9406
1554.6201	3.9399
1556.7323	3.9393
1558.8446	3.9387
1560.9569	3.9380
1563.1308	3.9374
1565.1814	3.9367
1567.2936	3.9359
1569.4059	3.9353
1571.5801	3.9347
1573.6304	3.9341
1575.7426	3.9335
1577.9172	3.9327
1580.0295	3.9321
1582.0794	3.9315
1584.1917	3.9309
1586.3039	3.9300
1588.4788	3.9294
1590.5284	3.9287
1592.6407	3.9283
1594.8159	3.9275
1596.8652	3.9269
1598.9775	3.9263
1601.1529	3.9257
1603.2652	3.9251
1605.3142	3.9243
1607.4899	3.9237
1609.5387	3.9231
1611.6510	3.9225
1613.8269	3.9217
1615.8755	3.9211
1617.9878	3.9207
1620.1639	3.9199
1622.2123	3.9193
1624.3886	3.9185
1626.4368	3.9179
1628.5490	3.9173
1630.7256	3.9167
1632.7735	3.9161
1634.8858	3.9155
1637.0626	3.9149
1639.1750	3.9142
1641.2226	3.9138
1643.3348	3.9130
1645.4471	3.9124
1647.6243	3.9118
1649.6716	3.9112
1651.7838	3.9106
1653.8961	3.9101
1656.0084	3.9095
1658.1206	3.9088
1660.2329	3.9083
1662.3451	3.9075
1664.4574	3.9069
1666.5696	3.9065
1668.6819	3.9059
1670.7941	3.9052
1672.9064	3.9048
1675.0847	3.9042
1677.1309	3.9036
1679.2432	3.9030
1681.4218	3.9023
1683.5341	3.9016
1685.5799	3.9011
1687.6922	3.9005
1689.8044	3.8999
1691.9167	3.8993
1694.0290	3.8988
1696.1412	3.8982
1698.2535	3.8978
1700.4328	3.8972
1702.4780	3.8965
1704.5902	3.8959
1706.7025	3.8955
1708.8147	3.8949
1710.9270	3.8944
1713.0393	3.8938
1715.1515	3.8933
1717.2638	3.8927
1719.3760	3.8921
1721.4883	3.8917
1723.6005	3.8912
1725.7128	3.8906
1727.8250	3.8900
1729.9373	3.8894
1732.0496	3.8889
1734.1618	3.8883
1736.2741	3.8878
1738.3863	3.8874
1740.4986	3.8868
1742.6108	3.8863
1744.7231	3.8859
1746.8353	3.8854
1748.9476	3.8846
1751.0599	3.8842
1753.1721	3.8837
1755.2844	3.8833
1757.3966	3.8827
1759.5089	3.8822
1761.6211	3.8816
1763.7334	3.8813
1765.8456	3.8807
1767.9579	3.8802
1770.0702	3.8798
1772.1824	3.8793
1774.2947	3.8785
1776.4069	3.8781
1778.5192	3.8776
1780.6314	3.8772
1782.7437	3.8767
1784.9264	3.8762
1786.9682	3.8756
1789.0805	3.8753
1791.1927	3.8747
1793.3050	3.8743
1795.4881	3.8738
1797.5295	3.8733
1799.6417	3.8727
1801.7540	3.8723
1803.8662	3.8718
1805.9785	3.8714
1808.0908	3.8708
1810.2030	3.8703
1812.3153	3.8698
1814.4275	3.8694
1816.5398	3.8689
1818.7238	3.8685
1820.7643	3.8682
1822.8765	3.8677
1824.9888	3.8671
1827.1011	3.8666
1829.2133	3.8662
1831.3256	3.8657
1833.4378	3.8653
1835.5501	3.8648
1837.6623	3.8643
1839.7746	3.8639
1841.8868	3.8634
1843.9991	3.8631
1846.1114	3.8625
1848.2236	3.8621
1850.4089	3.8616
1852.4481	3.8611
1854.5604	3.8607
1856.6726	3.8602
1858.7849	3.8598
1860.8971	3.8595
1863.0094	3.8590
1865.1952	3.8585
1867.3076	3.8581
1869.3462	3.8578
1871.5323	3.8573
1873.5707	3.8569
1875.6829	3.8564
1877.8693	3.8558
1879.9816	3.8555
1882.0197	3.8550
1884.2063	3.8546
1886.2442	3.8541
1888.3565	3.8538
1890.4687	3.8534
1892.5810	3.8529
1894.7680	3.8524
1896.8055	3.8521
1898.9177	3.8517
1901.0300	3.8514
1903.1423	3.8509
1905.2545	3.8505
1907.4420	3.8499
1909.5544	3.8495
1911.5913	3.8491
1913.7035	3.8486
1915.8914	3.8482
1918.0037	3.8479
1920.1161	3.8474
1922.2284	3.8470
1924.3407	3.8466
1926.4531	3.8462
1928.5654	3.8457
1930.6016	3.8454
1932.7901	3.8450
1934.9024	3.8447
1937.0148	3.8441
1939.1271	3.8436
1941.2394	3.8433
1943.3518	3.8428
1945.4641	3.8424
1947.5765	3.8421
1949.6888	3.8416
1951.8011	3.8413
1953.9135	3.8408
1956.0258	3.8405
1958.1382	3.8401
1960.2505	3.8398
1962.3628	3.8393
1964.3977	3.8387
1966.5875	3.8384
1968.6222	3.8379
1970.8122	3.8376
1972.9245	3.8372
1975.0369	3.8369
1977.1492	3.8364
1979.2615	3.8361
1981.3739	3.8357
1983.4862	3.8354
1985.5986	3.8349
1987.7109	3.8346
1989.8232	3.8341
1991.8570	3.8337
1993.9692	3.8334
1996.1603	3.8329
1998.2726	3.8325
2000.3849	3.8322
2002.4973	3.8317
2004.6096	3.8314
2006.7219	3.8309
2008.8343	3.8306
2010.9466	3.8302
2013.0590	3.8299
2015.1713	3.8294
2017.2836	3.8291
2019.3960	3.8288
2021.5083	3.8283
2023.6207	3.8280
2025.7330	3.8276
2027.8453	3.8271
2029.9577	3.8267
2032.0700	3.8264
2034.1824	3.8260
2036.2947	3.8256
2038.4070	3.8251
2040.5194	3.8248
2042.6317	3.8245
2044.7440	3.8241
2046.8564	3.8238
2048.9687	3.8233
2051.0001	3.8230
2053.1934	3.8227
2055.3057	3.8222
2057.4181	3.8219
2059.5304	3.8215
2061.6428	3.8210
2063.7551	3.8207
2065.8674	3.8202
2067.9798	3.8199
2070.0921	3.8195
2072.2045	3.8192
2074.3168	3.8189
2076.4291	3.8186
2078.5415	3.8181
2080.6538	3.8178
2082.7661	3.8175
2084.8785	3.8170
2086.9908	3.8167
2089.1032	3.8164
2091.2155	3.8160
2093.3278	3.8155
2095.4402	3.8151
2097.5525	3.8148
2099.6649	3.8143
2101.7772	3.8140
2103.8065	3.8137
2106.0019	3.8134
2108.1142	3.8129
2110.1433	3.8126
2112.3389	3.8123
2114.4512	3.8120
2116.5636	3.8116
2118.6759	3.8112
2120.7882	3.8109
2122.9006	3.8106
2125.0129	3.8102
2127.1253	3.8097
2129.2376	3.8094
2131.3499	3.8090
2133.4623	3.8087
2135.5746	3.8083
2137.6870	3.8080
2139.7993	3.8076
2141.9116	3.8073
2144.0240	3.8070
2146.1363	3.8067
2148.1639	3.8062
2150.3610	3.8059
2152.4733	3.8056
2154.5007	3.8051
2156.6980	3.8048
2158.8103	3.8045
2160.9227	3.8041
2163.0350	3.8036
2165.1474	3.8033
2167.2597	3.8030
2169.3720	3.8027
2171.4844	3.8022
2173.5967	3.8019
2175.7091	3.8016
2177.8214	3.8013
2179.9337	3.8010
2182.0461	3.8006
2184.0722	3.8003
2186.2708	3.8000
2188.3831	3.7996
2190.4954	3.7993
2192.6078	3.7990
2194.7201	3.7987
2196.8324	3.7981
2198.9448	3.7978
2201.0571	3.7975
2203.1695	3.7972
2205.2818	3.7967
2207.3941	3.7964
2209.5065	3.7961
2211.6188	3.7958
2213.7312	3.7955
2215.8435	3.7952
2217.8683	3.7948
2220.0682	3.7945
2222.1805	3.7942
2224.2929	3.7939
2226.4052	3.7935
2228.5175	3.7932
2230.6299	3.7928
2232.7422	3.7925
2234.8545	3.7920
2236.9669	3.7917
2239.0792	3.7914
2241.1916	3.7911
2243.3039	3.7908
2245.4162	3.7905
2247.5286	3.7902
2249.6409	3.7899
2251.7533	3.7896
2253.8656	3.7893
2255.9779	3.7890
2258.0903	3.7887
2260.2026	3.7882
2262.3150	3.7879
2264.4273	3.7876
2266.5396	3.7873
2268.6520	3.7868
2270.7643	3.7865
2272.8766	3.7862
2274.9890	3.7859
2277.1013	3.7856
2279.3066	3.7852
2281.3260	3.7850
2283.4383	3.7845
2285.5507	3.7844
2287.6630	3.7839
2289.7754	3.7836
2291.8877	3.7833
2294.0000	3.7830
2296.1124	3.7829
2298.2247	3.7824
2300.3371	3.7821
2302.4494	3.7818
2304.5617	3.7815
2306.6741	3.7810
2308.7864	3.7806
2310.8987	3.7804
2313.0111	3.7801
2315.1234	3.7798
2317.2358	3.7795
2319.3481	3.7792
2321.4604	3.7787
2323.5728	3.7784
2325.6851	3.7783
2327.7975	3.7778
2329.9098	3.7775
2332.0221	3.7772
2334.1345	3.7769
2336.1546	3.7768
2338.3592	3.7763
2340.4715	3.7760
2342.5838	3.7755
2344.6962	3.7754
2346.8085	3.7751
2348.9208	3.7748
2351.0332	3.7745
2353.1455	3.7742
2355.2579	3.7739
2357.3702	3.7736
2359.4825	3.7731
2361.5949	3.7729
2363.7072	3.7725
2365.8196	3.7723
2367.9319	3.7720
2370.0442	3.7717
2372.1566	3.7714
2374.2689	3.7711
2376.3813	3.7708
2378.4936	3.7705
2380.6059	3.7702
2382.7183	3.7697
2384.8306	3.7694
2386.8488	3.7693
2389.0553	3.7688
2391.1676	3.7687
2393.2800	3.7684
2395.3923	3.7681
2397.4101	3.7678
2399.6170	3.7675
2401.7293	3.7671
2403.8417	3.7668
2405.9540	3.7665
2408.0663	3.7662
2410.1787	3.7659
2412.1958	3.7658
2414.4034	3.7655
2416.5157	3.7652
2418.6280	3.7649
2420.7404	3.7646
2422.8527	3.7644
2424.8694	3.7639
2427.0774	3.7635
2429.1897	3.7632
2431.3021	3.7630
2433.4144	3.7627
2435.5267	3.7624
2437.6391	3.7621
2439.7514	3.7618
2441.8638	3.7615
2443.9761	3.7613
2446.0884	3.7610
2448.2008	3.7607
2450.3131	3.7604
2452.4255	3.7601
2454.5378	3.7600
2456.6501	3.7595
2458.7625	3.7594
2460.8748	3.7591
2462.9871	3.7588
2465.2000	3.7583
2467.2118	3.7581
2469.3242	3.7578
2471.4365	3.7575
2473.5488	3.7572
2475.6612	3.7571
2477.7735	3.7568
2479.9870	3.7565
2481.9982	3.7562
2484.1105	3.7559
2486.2229	3.7557
2488.3352	3.7552
2490.4476	3.7551
2492.5599	3.7548
2494.6722	3.7545
2496.7846	3.7542
2498.8969	3.7540
2501.0092	3.7537
2503.1216	3.7534
2505.2339	3.7531
2507.3463	3.7528
2509.4586	3.7523
2511.5709	3.7522
2513.6833	3.7519
2515.7956	3.7516
2517.9080	3.7513
2520.0203	3.7511
2522.1326	3.7508
2524.2450	3.7505
2526.3573	3.7504
2528.4697	3.7501
2530.5820	3.7498
2532.6943	3.7494
2534.8067	3.7493
2536.9190	3.7490
2539.0313	3.7487
2541.2473	3.7485
2543.2560	3.7482
2545.3684	3.7479
2547.4807	3.7478
2549.6970	3.7475
2551.7054	3.7472
2553.8177	3.7467
2555.9301	3.7465
2558.0424	3.7461
2560.1547	3.7459
2562.2671	3.7458
2564.3794	3.7455
2566.4918	3.7452
2568.6041	3.7449
2570.7164	3.7447
2572.8288	3.7444
2574.9411	3.7441
2577.0534	3.7440
2579.1658	3.7436
2581.2781	3.7433
2583.3905	3.7430
2585.5028	3.7429
2587.6151	3.7426
2589.7275	3.7423
2591.8398	3.7420
2593.9522	3.7418
2596.0645	3.7415
2598.1768	3.7414
2600.2892	3.7409
2602.2988	3.7406
2604.5139	3.7404
2606.6262	3.7401
2608.7385	3.7398
2610.8509	3.7397
2612.9632	3.7394
2615.0755	3.7392
2617.1879	3.7389
2619.3002	3.7386
2621.4126	3.7385
2623.5249	3.7382
2625.6372	3.7378
2627.6459	3.7375
2629.8619	3.7372
2631.9743	3.7371
2634.0866	3.7369
2636.1989	3.7366
2638.3113	3.7363
2640.4236	3.7362
2642.5360	3.7359
2644.6483	3.7357
2646.7606	3.7353
2648.8730	3.7351
2650.9853	3.7348
2653.0976	3.7346
2655.2100	3.7343
2657.3223	3.7340
2659.4347	3.7337
2661.5470	3.7336
2663.6593	3.7333
2665.6665	3.7331
2667.8840	3.7328
2669.9964	3.7325
2672.1087	3.7324
2674.2210	3.7321
2676.3334	3.7319
2678.3400	3.7316
2680.4523	3.7314
2682.6704	3.7311
2684.7827	3.7308
2686.8951	3.7307
2688.9013	3.7305
2691.1197	3.7302
2693.1258	3.7301
2695.2381	3.7296
2697.4568	3.7293
2699.5691	3.7290
2701.6814	3.7288
2703.7938	3.7285
2705.9061	3.7284
2708.0185	3.7281
2710.1308	3.7279
2712.2431	3.7276
2714.3555	3.7275
2716.4678	3.7272
2718.5802	3.7270
2720.6925	3.7267
2722.8048	3.7264
2724.9172	3.7263
2727.0295	3.7261
2729.1418	3.7256
2731.2542	3.7255
2733.3665	3.7253
2735.4789	3.7250
2737.5912	3.7249
2739.7035	3.7246
2741.8159	3.7244
2743.9282	3.7241
2746.0406	3.7237
2748.1529	3.7235
2750.2652	3.7232
2752.3776	3.7230
2754.4899	3.7227
2756.6023	3.7226
2758.7146	3.7223
2760.8269	3.7220
2762.9393	3.7218
2765.0516	3.7215
2767.1639	3.7212
2769.2763	3.7211
2771.3886	3.7209
2773.5010	3.7206
2775.6133	3.7203
2777.7256	3.7201
2779.8380	3.7198
2781.9503	3.7197
2784.0627	3.7194
2786.1750	3.7192
2788.2873	3.7189
2790.3997	3.7188
2792.5120	3.7185
2794.6244	3.7180
2796.8507	3.7179
2798.8490	3.7176
2800.9614	3.7174
2803.0737	3.7171
2805.1860	3.7169
2807.2984	3.7166
2809.4107	3.7163
2811.5231	3.7160
2813.6354	3.7159
2815.7477	3.7156
2817.8601	3.7153
2819.9724	3.7151
2822.0848	3.7148
2824.1971	3.7145
2826.3094	3.7142
2828.4218	3.7140
2830.5341	3.7137
2832.6465	3.7136
2834.7588	3.7133
2836.8711	3.7130
2838.9835	3.7128
2841.0958	3.7124
2843.0960	3.7121
2845.3205	3.7118
2847.4328	3.7116
2849.5452	3.7113
2851.6575	3.7111
2853.7698	3.7108
2855.8822	3.7105
2857.9945	3.7102
2860.1069	3.7101
2862.2192	3.7098
2864.3315	3.7096
2866.4439	3.7093
2868.5562	3.7090
2870.5553	3.7087
2872.7809	3.7084
2874.8932	3.7082
2876.8921	3.7079
2879.1179	3.7076
2881.2302	3.7075
2883.2288	3.7072
2885.4549	3.7069
2887.5673	3.7066
2889.6796	3.7063
2891.7919	3.7061
2893.7901	3.7058
2896.0166	3.7055
2898.1290	3.7052
2900.1269	3.7049
2902.3536	3.7046
2904.4660	3.7044
2906.5783	3.7041
2908.5759	3.7038
2910.6882	3.7035
2912.9153	3.7034
2914.9127	3.7031
2917.1400	3.7029
2919.2523	3.7026
2921.3647	3.7023
2923.4770	3.7020
2925.5894	3.7018
2927.7017	3.7015
2929.8140	3.7012
2931.9264	3.7008
2934.0387	3.7005
2936.1511	3.7003
2938.2634	3.7000
2940.3757	3.6997
2942.3720	3.6995
2944.6004	3.6992
2946.7128	3.6989
2948.7088	3.6988
2950.9374	3.6985
2953.0498	3.6982
2955.1621	3.6979
2957.2744	3.6976
2959.3868	3.6974
2961.4991	3.6971
2963.6115	3.6968
2965.7238	3.6967
2967.8361	3.6963
2969.9485	3.6960
2972.0608	3.6957
2974.1732	3.6954
2976.2855	3.6950
2978.3978	3.6948
2980.5102	3.6945
2982.5048	3.6942
2984.7349	3.6941
2986.8472	3.6938
2988.9595	3.6933
2991.0719	3.6931
2993.1842	3.6928
2995.1784	3.6925
2997.4089	3.6922
2999.5212	3.6921
3001.6336	3.6916
3003.7459	3.6913
3005.8582	3.6912
3007.9706	3.6909
3010.0829	3.6905
3012.1953	3.6902
3014.3076	3.6899
3016.4199	3.6896
3018.5323	3.6892
3020.5254	3.6889
3022.6377	3.6887
3024.8693	3.6884
3026.9816	3.6881
3028.9745	3.6878
3031.2063	3.6875
3033.1990	3.6872
3035.4310	3.6869
3037.5433	3.6866
3039.6557	3.6863
3041.7680	3.6860
3043.8803	3.6857
3045.9927	3.6855
3048.1050	3.6851
3050.2174	3.6847
3052.3297	3.6844
3054.4420	3.6841
3056.5544	3.6837
3058.6667	3.6834
3060.7791	3.6831
3062.8914	3.6826
3065.0037	3.6825
3067.1161	3.6822
3069.2284	3.6817
3071.3407	3.6814
3073.3318	3.6811
3075.5654	3.6808
3077.6778	3.6803
3079.7901	3.6800
3081.7809	3.6797
3084.0148	3.6794
3086.1271	3.6789
3088.2395	3.6786
3090.3518	3.6783
3092.4641	3.6779
3094.5765	3.6776
3096.6888	3.6771
3098.8012	3.6768
3100.9135	3.6764
3103.0258	3.6761
3105.1382	3.6757
3107.2505	3.6754
3109.2402	3.6750
3111.4752	3.6747
3113.5875	3.6742
3115.5769	3.6739
3117.8122	3.6735
3119.9245	3.6732
3122.0369	3.6727
3124.0260	3.6724
3126.2616	3.6718
3128.3739	3.6715
3130.4862	3.6710
3132.4750	3.6707
3134.5872	3.6703
3136.8233	3.6699
3138.8118	3.6695
3141.0479	3.6692
3143.1603	3.6687
3145.1485	3.6684
3147.3849	3.6680
3149.4973	3.6677
3151.6096	3.6672
3153.7220	3.6669
3155.8343	3.6663
3157.8221	3.6660
3159.9343	3.6655
3162.0466	3.6651
3164.2837	3.6646
3166.2711	3.6643
3168.3833	3.6638
3170.6207	3.6634
3172.7330	3.6629
3174.8454	3.6626
3176.8324	3.6622
3178.9446	3.6617
3181.0569	3.6614
3183.1691	3.6609
3185.2814	3.6603
3187.3936	3.6599
3189.5059	3.6594
3191.6181	3.6590
3193.8564	3.6587
3195.8427	3.6582
3197.9549	3.6577
3200.0672	3.6573
3202.1794	3.6568
3204.4181	3.6564
3206.4039	3.6559
3208.6428	3.6555
3210.6284	3.6548
3212.7407	3.6545
3214.9798	3.6539
3216.9652	3.6536
3219.0775	3.6532
3221.3168	3.6527
3223.4291	3.6521
3225.5415	3.6516
3227.5265	3.6512
3229.6387	3.6509
3231.7510	3.6503
3233.8633	3.6498
3235.9755	3.6492
3238.0878	3.6487
3240.2000	3.6483
3242.3123	3.6477
3244.4245	3.6474
3246.6649	3.6468
3248.6490	3.6463
3250.7613	3.6458
3253.0019	3.6452
3254.9858	3.6448
3257.0981	3.6445
3259.2103	3.6439
3261.4512	3.6432
3263.4348	3.6428
3265.5471	3.6423
3267.6593	3.6419
3269.7716	3.6414
3271.8839	3.6410
3273.9961	3.6405
3276.1084	3.6400
3278.3500	3.6396
3280.3329	3.6391
3282.4451	3.6387
3284.5574	3.6384
3286.6696	3.6378
3288.7819	3.6373
3291.0240	3.6368
3293.0064	3.6364
3295.1187	3.6361
3297.2309	3.6356
3299.3432	3.6353
3301.4554	3.6349
3303.5677	3.6345
3305.6799	3.6342
3307.7922	3.6339
3309.9045	3.6336
3312.0167	3.6332
3314.1290	3.6330
3316.2412	3.6326
3318.3535	3.6323
3320.4657	3.6318
3322.5780	3.6315
3324.6902	3.6312
3326.8025	3.6309
3328.9148	3.6306
3331.0270	3.6303
3333.2708	3.6300
3335.2515	3.6297
3337.3638	3.6295
3339.4760	3.6292
3341.5883	3.6289
3343.7005	3.6286
3345.8128	3.6283
3347.9251	3.6281
3350.0373	3.6278
3352.1496	3.6275
3354.3942	3.6272
3356.5065	3.6269
3358.4863	3.6268
3360.5986	3.6265
3362.7108	3.6260
3364.8231	3.6258
3366.9354	3.6255
3369.0476	3.6252
3371.2929	3.6249
3373.2721	3.6248
3375.3844	3.6245
3377.4966	3.6242
3379.6089	3.6239
3381.7211	3.6237
3383.8334	3.6234
3385.9457	3.6231
3388.0579	3.6228
3390.1702	3.6225
3392.2824	3.6222
3394.5286	3.6219
3396.5069	3.6217
3398.7533	3.6214
3400.7314	3.6211
3402.8437	3.6208
3404.9560	3.6205
3407.2026	3.6201
3409.1805	3.6199
3411.2927	3.6196
3413.5396	3.6193
3415.5172	3.6190
3417.7643	3.6187
3419.7417	3.6184
3421.9890	3.6179
3423.9663	3.6178
3426.0785	3.6175
3428.3260	3.6172
3430.3030	3.6168
3432.5507	3.6165
3434.5275	3.6162
3436.6398	3.6158
3438.7520	3.6155
3440.8643	3.6152
3442.9766	3.6147
3445.2247	3.6144
3447.2011	3.6141
3449.3133	3.6136
3451.4256	3.6133
3453.5378	3.6130
3455.6501	3.6127
3457.7623	3.6123
3459.8746	3.6120
3461.9869	3.6117
3464.0991	3.6112
3466.2114	3.6109
3468.4605	3.6104
3470.4359	3.6101
3472.5481	3.6098
3474.6604	3.6094
3476.7726	3.6089
3478.8849	3.6085
3480.9972	3.6080
3483.2468	3.6077
3485.2217	3.6072
3487.3339	3.6068
3489.4462	3.6063
3491.5584	3.6059
3493.6707	3.6054
3495.7829	3.6049
3497.8952	3.6045
3500.0075	3.6040
3502.1197	3.6036
3504.2320	3.6028
3506.3442	3.6023
3508.4565	3.6019
3510.5687	3.6013
3512.6810	3.6007
3514.7932	3.6002
3516.9055	3.5996
3519.1566	3.5990
3521.2689	3.5984
3523.2423	3.5978
3525.3545	3.5970
3527.4668	3.5962
3529.7183	3.5955
3531.6913	3.5947
3533.9430	3.5940
3535.9158	3.5930
3538.1676	3.5923
3540.1403	3.5912
3542.2526	3.5903
3544.3648	3.5892
3546.4771	3.5882
3548.5893	3.5871
3550.7016	3.5857
3552.8138	3.5845
3554.9261	3.5833
3557.0384	3.5819
3559.1506	3.5802
3561.2629	3.5789
3563.3751	3.5772
3565.4874	3.5756
3567.5996	3.5738
3569.7119	3.5720
3571.8241	3.5702
3573.9364	3.5680
3576.0487	3.5660
3578.1609	3.5637
3580.2732	3.5615
3582.3854	3.5593
3584.4977	3.5569
3586.6099	3.5544
3588.7222	3.5520
3590.8344	3.5494
3592.9467	3.5468
3595.0590	3.5442
3597.1712	3.5415
3599.2835	3.5386
3601.3957	3.5357
3603.5080	3.5328
3605.6202	3.5299
3607.7325	3.5267
3609.8447	3.5238
3611.9570	3.5204
3614.0693	3.5174
3616.1815	3.5140
3618.4365	3.5106
3620.4060	3.5073
3622.5183	3.5038
3624.6305	3.5004
3626.7428	3.4969
3628.9982	3.4932
3630.9673	3.4896
3633.0796	3.4858
3635.1918	3.4820
3637.3041	3.4783
3639.4163	3.4743
3641.5286	3.4702
3643.6408	3.4664
3645.6045	3.4623
3647.8653	3.4580
3649.9776	3.4536
3652.0899	3.4495
3654.2021	3.4449
3656.3144	3.4405
3658.4266	3.4359
3660.5389	3.4310
3662.6511	3.4264
3664.7634	3.4215
3666.8756	3.4166
3668.9879	3.4116
3671.1002	3.4064
3673.2124	3.4011
3675.3247	3.3957
3677.4369	3.3902
3679.5492	3.3846
3681.6614	3.3788
3683.7737	3.3730
3685.8859	3.3669
3687.9982	3.3610
3690.1105	3.3545
3692.2227	3.3481
3694.3350	3.3416
3696.4472	3.3347
3698.5595	3.3275
3700.6717	3.3204
3702.7840	3.3129
3704.8962	3.3053
3707.0085	3.2973
3709.1208	3.2892
3711.2330	3.2807
3713.1939	3.2720
3715.4575	3.2628
3717.5698	3.2535
3719.6820	3.2436
3721.7943	3.2332
3723.9065	3.2226
3726.0188	3.2114
3728.1311	3.1997
3730.2433	3.1873
3732.3556	3.1742
3734.4678	3.1601
3736.5801	3.1453
3738.5399	3.1290
3740.8046	3.1109
3742.9168	3.0900
3744.8764	3.0654
3746.9886	3.0362
3749.2536	3.0018
3751.2129	2.9598
3753.3251	2.9068
3755.4373	2.8438
3757.5494	2.7768
3758.5520	2.7500
