
capacity	voltage
2.1132	4.4120
4.2264	4.4083
6.3396	4.4057
8.4531	4.4033
10.5656	4.4018
12.6787	4.4002
14.7918	4.3986
16.9056	4.3972
19.0188	4.3960
21.1328	4.3949
23.2452	4.3935
25.3584	4.3926
27.4716	4.3915
29.5836	4.3905
31.6980	4.3896
33.8112	4.3883
35.9244	4.3874
38.0376	4.3867
40.1507	4.3857
42.2622	4.3848
44.3771	4.3839
46.4903	4.3832
48.6035	4.3822
50.7167	4.3816
52.8299	4.3807
54.9431	4.3799
57.0563	4.3792
59.1671	4.3786
61.2852	4.3777
63.3959	4.3767
65.5118	4.3761
67.6223	4.3752
69.7355	4.3746
71.8516	4.3740
73.9589	4.3735
76.0782	4.3726
78.1851	4.3722
80.3048	4.3713
82.4113	4.3708
84.5279	4.3700
86.6411	4.3693
88.7543	4.3687
90.8675	4.3680
92.9845	4.3674
95.0939	4.3670
97.2110	4.3662
99.3203	4.3656
101.4293	4.3650
103.5467	4.3644
105.6556	4.3638
107.7731	4.3632
109.8907	4.3626
111.9995	4.3619
114.1127	4.3615
116.2211	4.3609
118.3342	4.3604
120.4522	4.3597
122.5654	4.3590
124.6837	4.3584
126.7918	4.3578
128.9103	4.3572
131.0129	4.3568
133.1369	4.3561
135.2446	4.3557
137.3522	4.3552
139.4767	4.3545
141.5900	4.3539
143.6974	4.3534
145.8166	4.3528
147.9178	4.3523
150.0370	4.3517
152.1502	4.3513
154.2634	4.3508
156.3766	4.3502
158.4898	4.3497
160.5964	4.3491
162.7228	4.3484
164.8294	4.3479
166.9426	4.3473
169.0489	4.3468
171.1690	4.3464
173.2751	4.3459
175.3954	4.3453
177.5158	4.3447
179.6144	4.3444
181.7350	4.3436
183.8407	4.3432
185.9689	4.3424
188.0669	4.3421
190.1800	4.3415
192.3009	4.3409
194.4062	4.3406
196.5273	4.3398
198.6405	4.3395
200.7537	4.3391
202.8669	4.3384
204.9801	4.3380
207.0849	4.3374
209.2065	4.3369
211.3197	4.3363
213.4329	4.3358
215.5461	4.3352
217.6504	4.3348
219.7725	4.3342
221.8857	4.3336
224.0080	4.3331
226.1213	4.3326
228.2253	4.3322
230.3479	4.3317
232.4612	4.3310
234.5649	4.3305
236.6781	4.3301
238.8010	4.3294
240.9045	4.3290
243.0078	4.3285
245.1209	4.3279
247.2542	4.3273
249.3573	4.3268
251.4705	4.3264
253.5733	4.3259
255.6969	4.3252
257.7996	4.3247
259.9233	4.3241
262.0365	4.3236
264.1604	4.3232
266.2629	4.3227
268.3760	4.3221
270.4782	4.3217
272.6136	4.3210
274.7268	4.3206
276.8288	4.3200
278.9420	4.3195
281.0438	4.3189
283.1684	4.3185
285.2816	4.3178
287.3948	4.3174
289.4962	4.3169
291.6093	4.3165
293.7344	4.3159
295.8476	4.3153
297.9487	4.3149
300.0740	4.3142
302.1872	4.3136
304.2880	4.3131
306.4136	4.3125
308.5268	4.3120
310.6400	4.3114
312.7404	4.3110
314.8536	4.3105
316.9796	4.3099
319.0798	4.3095
321.2060	4.3090
323.3192	4.3082
325.4191	4.3078
327.5456	4.3072
329.6453	4.3067
331.7584	4.3061
333.8716	4.3056
335.9847	4.3052
338.0840	4.3046
340.2109	4.3041
342.3240	4.3035
344.4371	4.3029
346.5643	4.3023
348.6633	4.3017
350.7907	4.3012
352.8896	4.3008
355.0171	4.3001
357.1158	4.2997
359.2289	4.2991
361.3567	4.2985
363.4699	4.2980
365.5831	4.2975
367.6813	4.2969
369.8095	4.2962
371.9227	4.2957
374.0207	4.2953
376.1185	4.2947
378.2623	4.2940
380.3755	4.2936
382.4887	4.2930
384.6019	4.2924
386.6993	4.2919
388.8283	4.2913
390.9256	4.2907
393.0547	4.2901
395.1518	4.2896
397.2811	4.2890
399.3943	4.2884
401.5075	4.2879
403.6042	4.2873
405.7339	4.2869
407.8471	4.2863
409.9436	4.2856
412.0567	4.2850
414.1698	4.2846
416.2999	4.2838
418.4131	4.2834
420.5091	4.2829
422.6222	4.2823
424.7526	4.2817
426.8658	4.2812
428.9790	4.2808
431.0747	4.2800
433.2054	4.2794
435.3186	4.2788
437.4318	4.2783
439.5450	4.2777
441.6222	4.2773
443.7714	4.2766
445.8664	4.2760
447.9978	4.2753
450.0927	4.2748
452.2426	4.2741
454.3189	4.2736
456.4320	4.2731
458.5638	4.2725
460.6582	4.2719
462.7902	4.2713
464.8844	4.2708
466.9976	4.2702
469.1298	4.2696
471.2238	4.2692
473.3369	4.2684
475.4500	4.2678
477.5826	4.2672
479.6958	4.2666
481.8090	4.2660
483.9419	4.2654
486.0354	4.2647
488.1486	4.2643
490.2418	4.2637
492.3750	4.2629
494.4882	4.2623
496.6013	4.2618
498.6942	4.2612
500.8073	4.2606
502.9000	4.2600
505.0336	4.2594
507.1673	4.2588
509.2598	4.2583
511.3729	4.2576
513.5069	4.2570
515.5991	4.2564
517.6911	4.2557
519.8042	4.2553
521.9384	4.2547
524.0516	4.2539
526.1432	4.2535
528.2993	4.2528
530.3909	4.2522
532.5040	4.2515
534.5953	4.2509
536.7302	4.2501
538.8433	4.2495
540.9344	4.2490
543.0917	4.2483
545.1827	4.2477
547.2958	4.2472
549.4313	4.2464
551.5220	4.2457
553.6126	4.2452
555.7482	4.2446
557.8613	4.2440
559.9744	4.2434
562.0647	4.2428
564.2007	4.2422
566.3138	4.2415
568.4037	4.2411
570.5400	4.2402
572.6531	4.2396
574.7428	4.2390
576.9028	4.2383
578.9924	4.2377
581.1056	4.2371
583.2187	4.2364
585.3318	4.2359
587.4449	4.2353
589.5340	4.2347
591.6470	4.2339
593.7600	4.2333
595.8731	4.2329
598.0104	4.2321
600.1236	4.2315
602.2367	4.2307
604.3252	4.2303
606.4629	4.2296
608.5760	4.2287
610.6891	4.2283
612.7773	4.2277
614.9153	4.2269
617.0284	4.2263
619.1416	4.2258
621.2294	4.2252
623.3678	4.2245
625.5064	4.2238
627.5684	4.2234
629.6815	4.2225
631.8202	4.2220
633.9333	4.2213
636.0724	4.2206
638.1596	4.2200
640.2727	4.2193
642.3596	4.2188
644.4989	4.2181
646.6120	4.2173
648.7251	4.2167
650.8382	4.2161
652.9513	4.2155
655.0644	4.2147
657.1776	4.2142
659.2638	4.2136
661.4038	4.2129
663.5169	4.2121
665.6571	4.2115
667.7703	4.2107
669.8562	4.2103
671.9967	4.2095
674.1099	4.2089
676.1956	4.2083
678.3087	4.2077
680.4495	4.2069
682.5627	4.2063
684.6759	4.2055
686.7891	4.2049
688.8742	4.2043
691.0155	4.2037
693.1004	4.2031
695.2419	4.2025
697.3267	4.2019
699.4683	4.2013
701.5815	4.2007
703.6660	4.1999
705.7791	4.1991
707.9211	4.1985
710.0632	4.1979
712.1184	4.1973
714.2316	4.1967
716.3447	4.1961
718.4871	4.1953
720.6003	4.1944
722.6840	4.1938
724.8266	4.1932
726.9398	4.1924
729.0828	4.1918
731.1364	4.1913
733.2794	4.1906
735.3926	4.1900
737.5058	4.1894
739.5889	4.1886
741.7322	4.1878
743.8454	4.1872
745.9282	4.1866
748.0718	4.1859
750.1850	4.1852
752.2676	4.1846
754.4114	4.1839
756.4938	4.1831
758.6069	4.1826
760.7510	4.1819
762.8020	4.1813
764.9462	4.1807
767.0593	4.1801
769.1724	4.1793
771.2541	4.1787
773.4302	4.1781
775.5434	4.1773
777.6566	4.1767
779.7698	4.1761
781.8830	4.1752
783.9962	4.1747
786.1094	4.1741
788.1904	4.1735
790.3358	4.1727
792.4167	4.1721
794.5622	4.1714
796.6429	4.1707
798.7886	4.1700
800.9017	4.1692
802.9822	4.1688
805.1281	4.1680
807.2084	4.1675
809.3875	4.1666
811.4347	4.1660
813.5809	4.1653
815.6609	4.1646
817.7740	4.1640
819.8871	4.1634
822.0002	4.1628
824.1133	4.1622
826.2601	4.1613
828.3396	4.1608
830.4527	4.1599
832.5658	4.1593
834.7129	4.1585
836.8261	4.1579
838.9051	4.1575
841.0182	4.1567
843.1313	4.1559
845.2444	4.1555
847.3576	4.1549
849.5053	4.1540
851.6185	4.1532
853.6969	4.1526
855.7751	4.1520
857.8882	4.1514
860.0713	4.1506
862.1845	4.1500
864.2624	4.1494
866.3756	4.1486
868.4887	4.1479
870.6018	4.1472
872.7505	4.1465
874.8280	4.1460
876.9768	4.1453
879.0542	4.1448
881.1673	4.1440
883.2804	4.1434
885.4296	4.1425
887.5067	4.1419
889.6198	4.1415
891.7692	4.1407
893.8824	4.1399
895.9956	4.1393
898.1088	4.1387
900.2220	4.1379
902.3352	4.1373
904.4484	4.1366
906.5616	4.1358
908.6748	4.1352
910.8251	4.1346
912.9012	4.1340
914.9771	4.1334
917.1276	4.1326
919.2033	4.1318
921.3164	4.1312
923.4672	4.1305
925.5804	4.1299
927.6558	4.1292
929.7689	4.1285
931.8820	4.1279
933.9951	4.1273
936.1464	4.1265
938.2596	4.1257
940.3728	4.1251
942.4476	4.1245
944.5607	4.1237
946.6738	4.1233
948.8256	4.1225
950.9388	4.1219
953.0131	4.1213
955.1262	4.1207
957.2393	4.1198
959.3524	4.1192
961.5047	4.1184
963.5787	4.1180
965.6918	4.1173
967.8443	4.1166
969.8785	4.1160
972.0311	4.1154
974.1442	4.1146
976.2573	4.1138
978.3704	4.1132
980.5235	4.1125
982.5967	4.1118
984.7098	4.1112
986.8229	4.1106
988.9360	4.1099
991.0491	4.1093
993.1622	4.1085
995.2753	4.1079
997.3884	4.1073
999.5016	4.1067
1001.6555	4.1059
1003.7278	4.1053
1005.8409	4.1047
1007.9540	4.1041
1010.0671	4.1032
1012.1802	4.1025
1014.2933	4.1019
1016.4064	4.1013
1018.5196	4.1006
1020.6743	4.0999
1022.7041	4.0993
1024.9007	4.0986
1027.0139	4.0980
1029.1270	4.0972
1031.1562	4.0966
1033.3534	4.0958
1035.4666	4.0952
1037.5798	4.0945
1039.6930	4.0938
1041.7638	4.0932
1043.8769	4.0926
1045.9474	4.0919
1048.1458	4.0911
1050.2162	4.0906
1052.3722	4.0899
1054.4424	4.0893
1056.5556	4.0885
1058.6687	4.0880
1060.7818	4.0873
1062.8949	4.0867
1065.0514	4.0859
1067.2081	4.0853
1069.2778	4.0845
1071.3473	4.0839
1073.4604	4.0833
1075.5736	4.0827
1077.6867	4.0819
1079.8438	4.0813
1081.9570	4.0807
1084.0260	4.0801
1086.1391	4.0795
1088.2522	4.0787
1090.3653	4.0781
1092.4784	4.0775
1094.6362	4.0766
1096.7047	4.0761
1098.8178	4.0755
1100.9309	4.0746
1103.0890	4.0740
1105.2021	4.0734
1107.3153	4.0728
1109.3833	4.0720
1111.5417	4.0713
1113.6096	4.0710
1115.7681	4.0702
1117.8813	4.0694
1119.9945	4.0687
1122.0620	4.0681
1124.1751	4.0674
1126.2882	4.0668
1128.3554	4.0662
1130.5144	4.0655
1132.6737	4.0649
1134.7407	4.0642
1136.8538	4.0636
1138.9669	4.0629
1141.0335	4.0621
1143.2397	4.0613
1145.3062	4.0609
1147.4193	4.0601
1149.5324	4.0595
1151.6925	4.0589
1153.7587	4.0581
1155.9189	4.0574
1158.0321	4.0568
1160.1453	4.0560
1162.2111	4.0555
1164.3717	4.0549
1166.4373	4.0542
1168.5981	4.0536
1170.7113	4.0529
1172.7767	4.0523
1174.8898	4.0516
1177.0029	4.0510
1179.1641	4.0504
1181.2772	4.0496
1183.3904	4.0490
1185.5036	4.0484
1187.6168	4.0476
1189.6816	4.0470
1191.7947	4.0465
1193.9078	4.0456
1196.0209	4.0450
1198.1828	4.0443
1200.2471	4.0438
1202.3112	4.0432
1204.4733	4.0426
1206.5864	4.0418
1208.6996	4.0414
1210.8620	4.0404
1212.9258	4.0398
1214.9894	4.0392
1217.1520	4.0386
1219.3148	4.0380
1221.3782	4.0374
1223.4913	4.0368
1225.6544	4.0360
1227.7176	4.0354
1229.8307	4.0346
1231.9940	4.0339
1234.0066	4.0334
1236.1196	4.0327
1238.2327	4.0320
1240.3962	4.0314
1242.5093	4.0308
1244.6732	4.0301
1246.6848	4.0296
1248.8487	4.0288
1250.9618	4.0282
1253.0749	4.0276
1255.2392	4.0269
1257.3011	4.0262
1259.3629	4.0258
1261.5273	4.0250
1263.6404	4.0244
1265.7536	4.0238
1267.9183	4.0230
1270.0315	4.0224
1272.1447	4.0217
1274.2579	4.0212
1276.3191	4.0204
1278.4843	4.0200
1280.5453	4.0194
1282.6062	4.0186
1284.7716	4.0180
1286.8847	4.0172
1289.0503	4.0165
1291.1109	4.0159
1293.2240	4.0153
1295.3371	4.0146
1297.3974	4.0140
1299.5104	4.0134
1301.6764	4.0128
1303.8427	4.0119
1305.8495	4.0113
1307.9625	4.0107
1310.1289	4.0099
1312.2420	4.0093
1314.3016	4.0088
1316.4146	4.0081
1318.5276	4.0075
1320.6406	4.0069
1322.8076	4.0061
1324.9747	4.0055
1327.0879	4.0049
1329.1469	4.0043
1331.2600	4.0035
1333.3731	4.0029
1335.4862	4.0023
1337.5993	4.0017
1339.7124	4.0011
1341.8256	4.0003
1343.8839	3.9997
1345.9969	3.9991
1348.1649	3.9983
1350.2230	3.9977
1352.4462	3.9969
1354.4490	3.9963
1356.6173	3.9957
1358.7304	3.9950
1360.8436	3.9944
1362.9567	3.9936
1365.0698	3.9931
1367.1272	3.9925
1369.2402	3.9919
1371.2973	3.9913
1373.4663	3.9907
1375.5232	3.9899
1377.7484	3.9892
1379.8053	3.9886
1381.9747	3.9878
1384.1442	3.9872
1386.2009	3.9866
1388.2574	3.9860
1390.3705	3.9854
1392.5402	3.9846
1394.5965	3.9841
1396.7095	3.9834
1398.8226	3.9828
1400.9356	3.9820
1403.1058	3.9812
1405.2189	3.9808
1407.3320	3.9800
1409.4451	3.9794
1411.5582	3.9788
1413.5561	3.9782
1415.7268	3.9774
1417.8398	3.9767
1420.0107	3.9760
1422.0658	3.9756
1424.1789	3.9748
1426.3500	3.9741
1428.4049	3.9736
1430.5179	3.9730
1432.6310	3.9721
1434.7440	3.9715
1436.9156	3.9709
1438.9700	3.9702
1441.0831	3.9695
1443.1961	3.9689
1445.3680	3.9681
1447.4221	3.9677
1449.5352	3.9670
1451.6482	3.9663
1453.7612	3.9657
1455.8742	3.9649
1457.9873	3.9643
1460.1598	3.9635
1462.2729	3.9629
1464.3860	3.9623
1466.4991	3.9617
1468.5524	3.9611
1470.7253	3.9602
1472.7784	3.9597
1474.8915	3.9590
1477.0045	3.9583
1479.1175	3.9577
1481.2909	3.9570
1483.3436	3.9565
1485.4566	3.9559
1487.5696	3.9553
1489.6826	3.9544
1491.7957	3.9538
1493.9696	3.9532
1496.0827	3.9524
1498.1347	3.9519
1500.3089	3.9512
1502.2996	3.9507
1504.4738	3.9499
1506.5868	3.9492
1508.6999	3.9486
1510.8129	3.9480
1512.9259	3.9472
1515.1624	3.9466
1517.1520	3.9460
1519.2031	3.9454
1521.3780	3.9448
1523.4910	3.9442
1525.6041	3.9434
1527.7171	3.9428
1529.7678	3.9422
1531.9431	3.9414
1534.1187	3.9406
1536.1692	3.9402
1538.3449	3.9396
1540.3952	3.9390
1542.5083	3.9384
1544.6213	3.9376
1546.7343	3.9370
1548.9104	3.9362
1551.0236	3.9356
1553.1367	3.9348
1555.2498	3.9342
1557.3629	3.9336
1559.4760	3.9330
1561.5891	3.9322
1563.7022	3.9316
1565.8153	3.9310
1567.8646	3.9304
1570.0416	3.9298
1572.1547	3.9290
1574.2036	3.9284
1576.3809	3.9278
1578.4940	3.9272
1580.6071	3.9265
1582.7847	3.9257
1584.8333	3.9251
1586.9464	3.9245
1589.0596	3.9239
1591.1078	3.9234
1593.2209	3.9226
1595.4639	3.9220
1597.4469	3.9216
1599.6903	3.9207
1601.7382	3.9202
1603.9167	3.9193
1605.9644	3.9188
1608.1431	3.9182
1610.1907	3.9176
1612.3038	3.9170
1614.4169	3.9162
1616.4641	3.9158
1618.5772	3.9150
1620.6902	3.9145
1622.8693	3.9138
1625.0487	3.9130
1627.0956	3.9124
1629.1423	3.9120
1631.3218	3.9115
1633.3683	3.9109
1635.4814	3.9103
1637.5944	3.9095
1639.7074	3.9089
1641.8204	3.9083
1643.9335	3.9077
1646.1136	3.9072
1648.2267	3.9066
1650.3398	3.9060
1652.3856	3.9055
1654.4986	3.9049
1656.5441	3.9043
1658.7246	3.9036
1660.9053	3.9030
1663.0184	3.9025
1665.0637	3.9020
1667.1767	3.9013
1669.2898	3.9008
1671.4028	3.9002
1673.5158	3.8996
1675.6288	3.8990
1677.7419	3.8984
1679.9233	3.8978
1681.8994	3.8973
1684.2182	3.8965
1686.1940	3.8961
1688.3070	3.8955
1690.4889	3.8949
1692.6020	3.8944
1694.6461	3.8939
1696.8282	3.8933
1698.8721	3.8929
1701.1238	3.8921
1703.0982	3.8915
1705.2112	3.8911
1707.3242	3.8904
1709.5069	3.8898
1711.5503	3.8894
1713.6633	3.8889
1715.7763	3.8883
1717.8893	3.8877
1719.9323	3.8872
1722.0452	3.8866
1724.2284	3.8862
1726.3414	3.8856
1728.3840	3.8851
1730.5675	3.8845
1732.7511	3.8839
1734.7935	3.8836
1736.9066	3.8830
1739.0196	3.8825
1741.1326	3.8820
1743.3167	3.8814
1745.4298	3.8808
1747.5429	3.8804
1749.6560	3.8798
1751.7691	3.8795
1753.8108	3.8790
1755.9953	3.8784
1758.1084	3.8779
1760.1498	3.8775
1762.2629	3.8769
1764.3040	3.8766
1766.5609	3.8758
1768.6019	3.8755
1770.7150	3.8749
1772.8280	3.8744
1774.9410	3.8740
1777.0540	3.8735
1779.3121	3.8729
1781.2801	3.8724
1783.3931	3.8720
1785.5789	3.8715
1787.6920	3.8709
1789.8051	3.8705
1791.8452	3.8701
1794.0313	3.8695
1796.1444	3.8689
1798.2576	3.8686
1800.2973	3.8682
1802.4103	3.8677
1804.5234	3.8672
1806.6364	3.8668
1808.7494	3.8665
1810.8624	3.8660
1813.1232	3.8654
1815.1624	3.8650
1817.2015	3.8647
1819.3145	3.8642
1821.5018	3.8636
1823.5406	3.8631
1825.8024	3.8625
1827.8411	3.8621
1829.8797	3.8618
1832.0673	3.8613
1834.2552	3.8608
1836.2187	3.8605
1838.4067	3.8601
1840.4448	3.8596
1842.5578	3.8592
1844.6708	3.8587
1846.7839	3.8584
1849.0476	3.8576
1851.1608	3.8573
1853.2740	3.8569
1855.3116	3.8564
1857.4247	3.8561
1859.6136	3.8556
1861.7268	3.8552
1863.8400	3.8547
1865.8771	3.8543
1868.0663	3.8540
1870.1033	3.8535
1872.2164	3.8531
1874.4059	3.8524
1876.5191	3.8520
1878.5558	3.8517
1880.6689	3.8512
1882.7053	3.8509
1884.8951	3.8503
1887.0082	3.8499
1889.1213	3.8495
1891.3115	3.8491
1893.3476	3.8488
1895.5379	3.8483
1897.4965	3.8480
1899.7643	3.8474
1901.8000	3.8471
1903.9131	3.8466
1905.9486	3.8462
1908.1393	3.8459
1910.2524	3.8454
1912.3656	3.8450
1914.4787	3.8447
1916.5137	3.8442
1918.7049	3.8437
1920.8180	3.8433
1922.9311	3.8430
1924.9658	3.8425
1927.2359	3.8421
1929.2704	3.8418
1931.3049	3.8415
1933.4967	3.8408
1935.5309	3.8405
1937.8019	3.8401
1939.8360	3.8398
1941.9491	3.8393
1944.1414	3.8389
1946.0960	3.8386
1948.2884	3.8381
1950.4016	3.8378
1952.4351	3.8375
1954.7074	3.8369
1956.7409	3.8366
1958.8540	3.8361
1960.9671	3.8360
1963.1602	3.8352
1965.1933	3.8349
1967.3064	3.8346
1969.4998	3.8340
1971.5327	3.8338
1973.6458	3.8334
1975.8394	3.8331
1977.9526	3.8326
1980.0658	3.8322
1982.1790	3.8320
1984.2113	3.8317
1986.3244	3.8311
1988.4376	3.8309
1990.5507	3.8305
1992.6638	3.8302
1994.8582	3.8294
1996.9714	3.8291
1999.0846	3.8288
2001.1162	3.8283
2003.3110	3.8280
2005.4242	3.8276
2007.4556	3.8274
2009.6506	3.8270
2011.7638	3.8265
2013.7949	3.8262
2015.9080	3.8259
2018.1033	3.8254
2020.2165	3.8250
2022.2473	3.8247
2024.3604	3.8244
2026.5561	3.8239
2028.6693	3.8235
2030.6998	3.8231
2032.8129	3.8228
2034.9260	3.8225
2037.0391	3.8221
2039.1522	3.8216
2041.3485	3.8212
2043.3784	3.8210
2045.5749	3.8206
2047.6881	3.8201
2049.8848	3.8198
2051.8309	3.8196
2054.0277	3.8192
2056.0571	3.8189
2058.2541	3.8186
2060.3673	3.8180
2062.4805	3.8177
2064.5937	3.8172
2066.6227	3.8169
2068.8201	3.8166
2070.8489	3.8163
2072.9620	3.8158
2075.1597	3.8155
2077.2729	3.8152
2079.3861	3.8148
2081.4144	3.8146
2083.5276	3.8141
2085.6407	3.8138
2087.8389	3.8134
2089.8669	3.8131
2092.0653	3.8125
2094.0931	3.8122
2096.2916	3.8117
2098.4048	3.8116
2100.4324	3.8112
2102.6312	3.8108
2104.6587	3.8105
2106.8576	3.8100
2108.9708	3.8097
2110.9980	3.8094
2113.0250	3.8091
2115.2242	3.8088
2117.3373	3.8083
2119.5368	3.8080
2121.5636	3.8077
2123.6767	3.8074
2125.7898	3.8068
2127.9029	3.8067
2130.1028	3.8062
2132.0422	3.8061
2134.3292	3.8056
2136.2683	3.8053
2138.3813	3.8050
2140.4943	3.8047
2142.6947	3.8044
2144.7204	3.8039
2147.0084	3.8035
2148.9464	3.8033
2151.2348	3.8029
2153.2602	3.8025
2155.4612	3.8022
2157.4864	3.8019
2159.5996	3.8015
2161.7127	3.8010
2163.8258	3.8007
2165.9389	3.8004
2168.1404	3.8000
2170.2535	3.7996
2172.2782	3.7993
2174.3913	3.7992
2176.5044	3.7987
2178.5288	3.7986
2180.7307	3.7981
2182.8438	3.7978
2184.9569	3.7975
2187.0700	3.7972
2189.1831	3.7967
2191.2962	3.7966
2193.4093	3.7961
2195.5224	3.7958
2197.7251	3.7952
2199.8383	3.7949
2201.8618	3.7946
2204.0647	3.7943
2206.1779	3.7942
2208.2911	3.7937
2210.3142	3.7935
2212.4273	3.7932
2214.6307	3.7928
2216.6536	3.7925
2218.7667	3.7922
2220.9703	3.7919
2222.9929	3.7917
2225.0153	3.7914
2227.3099	3.7910
2229.3322	3.7906
2231.4453	3.7903
2233.5584	3.7900
2235.7627	3.7894
2237.7847	3.7893
2240.0803	3.7888
2242.0109	3.7887
2244.2155	3.7882
2246.4202	3.7879
2248.4418	3.7876
2250.4633	3.7874
2252.5764	3.7870
2254.6896	3.7867
2256.8946	3.7864
2258.9158	3.7861
2261.0289	3.7858
2263.2342	3.7855
2265.3474	3.7850
2267.3682	3.7848
2269.3889	3.7845
2271.5944	3.7841
2273.8002	3.7836
2275.8207	3.7833
2277.9338	3.7832
2280.1398	3.7829
2282.1600	3.7826
2284.2731	3.7823
2286.3862	3.7819
2288.4993	3.7816
2290.6124	3.7813
2292.8190	3.7810
2294.9322	3.7806
2296.9518	3.7803
2299.1586	3.7800
2301.2718	3.7798
2303.2911	3.7795
2305.4982	3.7792
2307.6114	3.7787
2309.7246	3.7783
2311.8378	3.7781
2313.7624	3.7778
2316.0642	3.7775
2318.1774	3.7772
2320.1960	3.7769
2322.3091	3.7766
2324.4222	3.7765
2326.6301	3.7761
2328.7433	3.7758
2330.8565	3.7755
2332.8747	3.7752
2335.0829	3.7749
2337.1961	3.7746
2339.3093	3.7743
2341.3271	3.7742
2343.5357	3.7737
2345.5533	3.7734
2347.5708	3.7731
2349.7796	3.7726
2351.9885	3.7723
2354.1017	3.7720
2356.1189	3.7719
2358.3281	3.7714
2360.4413	3.7711
2362.5545	3.7708
2364.6677	3.7705
2366.6844	3.7704
2368.7976	3.7700
2371.0073	3.7696
2373.0238	3.7694
2375.2337	3.7691
2377.3469	3.7690
2379.4601	3.7687
2381.5733	3.7684
2383.5893	3.7681
2385.7997	3.7676
2387.8156	3.7675
2390.0261	3.7671
2392.0418	3.7668
2394.2525	3.7664
2396.2680	3.7662
2398.4788	3.7659
2400.4942	3.7656
2402.6073	3.7653
2404.8184	3.7650
2406.8336	3.7649
2408.9467	3.7646
2411.0598	3.7642
2413.1729	3.7639
2415.2860	3.7638
2417.3991	3.7635
2419.6108	3.7630
2421.7240	3.7629
2423.8372	3.7626
2425.9504	3.7623
2428.0636	3.7621
2430.0778	3.7618
2432.2900	3.7615
2434.3040	3.7612
2436.5164	3.7607
2438.5302	3.7604
2440.6433	3.7603
2442.7564	3.7601
2444.8696	3.7597
2446.9827	3.7594
2449.1956	3.7592
2451.2089	3.7589
2453.4220	3.7588
2455.5352	3.7583
2457.6484	3.7581
2459.6613	3.7580
2461.7744	3.7577
2463.8876	3.7574
2466.1012	3.7571
2468.2144	3.7568
2470.2269	3.7566
2472.3400	3.7563
2474.5539	3.7560
2476.5662	3.7559
2478.6793	3.7552
2480.8935	3.7549
2483.0067	3.7548
2485.0187	3.7545
2487.0304	3.7543
2489.3463	3.7540
2491.4595	3.7537
2493.3695	3.7536
2495.4825	3.7533
2497.6973	3.7530
2499.7086	3.7528
2501.8216	3.7523
2503.9346	3.7523
2506.2519	3.7519
2508.2629	3.7517
2510.3760	3.7514
2512.5915	3.7510
2514.7047	3.7508
2516.8179	3.7505
2518.8284	3.7504
2520.9416	3.7502
2523.1575	3.7496
2525.2707	3.7494
2527.2809	3.7493
2529.4971	3.7490
2531.5071	3.7487
2533.6202	3.7484
2535.8367	3.7482
2537.8464	3.7479
2539.9596	3.7478
2542.1763	3.7475
2544.0821	3.7473
2546.1951	3.7470
2548.4120	3.7467
2550.5251	3.7465
2552.6382	3.7462
2554.6472	3.7461
2556.8644	3.7456
2558.9776	3.7455
2560.9863	3.7452
2563.0993	3.7450
2565.4214	3.7446
2567.3254	3.7444
2569.4384	3.7441
2571.5514	3.7438
2573.8742	3.7435
2575.8824	3.7432
2577.9956	3.7429
2580.1087	3.7427
2582.1166	3.7426
2584.3349	3.7423
2586.5534	3.7420
2588.5611	3.7418
2590.7798	3.7415
2592.7873	3.7414
2594.9004	3.7411
2596.9077	3.7411
2599.1267	3.7406
2601.1338	3.7404
2603.3529	3.7401
2605.4660	3.7400
2607.5791	3.7397
2609.5859	3.7395
2611.8053	3.7392
2613.9184	3.7391
2616.0316	3.7388
2618.0380	3.7385
2620.3646	3.7382
2622.3709	3.7378
2624.4840	3.7377
2626.5971	3.7374
2628.7102	3.7372
2630.8233	3.7369
2633.0437	3.7366
2635.0496	3.7366
2637.0552	3.7363
2639.3833	3.7360
2641.2813	3.7360
2643.3943	3.7357
2645.6151	3.7354
2647.6203	3.7353
2649.7334	3.7350
2652.0625	3.7346
2654.0676	3.7345
2656.1807	3.7343
2658.1855	3.7340
2660.2985	3.7339
2662.4115	3.7336
2664.6331	3.7334
2666.7462	3.7331
2668.8593	3.7330
2670.9724	3.7325
2672.9766	3.7325
2675.0897	3.7322
2677.2027	3.7319
2679.4249	3.7317
2681.4287	3.7316
2683.7605	3.7313
2685.7642	3.7310
2687.8773	3.7308
2689.9904	3.7305
2692.2133	3.7302
2694.2167	3.7301
2696.4397	3.7298
2698.4429	3.7298
2700.4460	3.7295
2702.7792	3.7292
2704.6720	3.7290
2707.0056	3.7288
2708.8981	3.7287
2711.0111	3.7284
2713.3452	3.7281
2715.3478	3.7279
2717.4609	3.7278
2719.5740	3.7275
2721.6871	3.7270
2723.9112	3.7269
2725.8023	3.7267
2728.1376	3.7264
2730.0283	3.7263
2732.2527	3.7261
2734.4772	3.7258
2736.5904	3.7256
2738.5920	3.7253
2740.7051	3.7252
2742.9300	3.7249
2744.9313	3.7247
2746.9325	3.7246
2749.1576	3.7243
2751.1586	3.7241
2753.2716	3.7240
2755.3846	3.7237
2757.6100	3.7235
2759.6107	3.7232
2761.7237	3.7230
2763.8367	3.7227
2766.1752	3.7226
2768.0628	3.7223
2770.1758	3.7221
2772.5148	3.7218
2774.6280	3.7217
2776.7412	3.7212
2778.7411	3.7211
2780.8542	3.7209
2783.0807	3.7206
2785.0804	3.7205
2787.1936	3.7203
2789.4203	3.7200
2791.5335	3.7198
2793.5329	3.7197
2795.6460	3.7194
2797.7591	3.7192
2799.9863	3.7188
2802.0995	3.7185
2803.9842	3.7185
2806.2116	3.7182
2808.3247	3.7179
2810.4378	3.7177
2812.6655	3.7174
2814.5493	3.7173
2816.6623	3.7169
2818.8902	3.7166
2821.0033	3.7165
2823.2315	3.7163
2825.1144	3.7160
2827.3427	3.7159
2829.5711	3.7154
2831.6843	3.7151
2833.6820	3.7150
2835.7951	3.7145
2838.0239	3.7144
2840.1371	3.7142
2842.1344	3.7139
2844.3635	3.7137
2846.4767	3.7133
2848.4738	3.7131
2850.7031	3.7128
2852.7000	3.7125
2854.8131	3.7124
2856.9262	3.7121
2859.0393	3.7118
2861.2690	3.7116
2863.3822	3.7113
2865.4954	3.7110
2867.4918	3.7108
2869.7218	3.7105
2871.6010	3.7105
2873.8311	3.7099
2876.0614	3.7096
2877.9401	3.7095
2880.1704	3.7093
2882.4010	3.7089
2884.2791	3.7087
2886.5098	3.7084
2888.7406	3.7081
2890.7360	3.7078
2892.8491	3.7076
2894.9622	3.7072
2897.0753	3.7070
2899.1884	3.7069
2901.3016	3.7066
2903.4147	3.7063
2905.5278	3.7061
2907.6409	3.7058
2909.7540	3.7055
2911.8671	3.7053
2914.0990	3.7050
2916.2122	3.7049
2918.3254	3.7043
2920.3196	3.7041
2922.4327	3.7038
2924.4266	3.7035
2926.6589	3.7032
2928.7720	3.7029
2930.7657	3.7026
2932.9982	3.7023
2934.9917	3.7021
2937.1048	3.7018
2939.2178	3.7017
2941.4507	3.7012
2943.5638	3.7009
2945.6769	3.7008
2947.9101	3.7005
2950.0233	3.7002
2951.8959	3.7000
2954.0090	3.6997
2956.2424	3.6994
2958.4761	3.6991
2960.4687	3.6988
2962.5818	3.6985
2964.5741	3.6982
2966.9289	3.6977
2969.0421	3.6974
2970.9132	3.6973
2973.1473	3.6970
2975.2604	3.6968
2977.4949	3.6965
2979.3653	3.6962
2981.5998	3.6959
2983.7129	3.6957
2985.8260	3.6954
2987.9391	3.6951
2990.0522	3.6948
2992.0434	3.6947
2994.2784	3.6944
2996.3916	3.6939
2998.5047	3.6938
3000.6178	3.6934
3002.6085	3.6931
3004.9665	3.6925
3006.9571	3.6924
3008.9476	3.6921
3011.1833	3.6918
3013.1737	3.6916
3015.5324	3.6912
3017.5227	3.6910
3019.6358	3.6907
3021.8720	3.6904
3023.8620	3.6901
3025.8518	3.6898
3028.0882	3.6895
3030.3248	3.6890
3032.1909	3.6889
3034.4276	3.6886
3036.6644	3.6881
3038.5300	3.6880
3040.7669	3.6875
3043.0040	3.6870
3045.1172	3.6867
3047.1062	3.6866
3049.2193	3.6863
3051.2081	3.6860
3053.4456	3.6855
3055.4342	3.6854
3057.5472	3.6847
3059.7849	3.6844
3062.0228	3.6841
3063.8863	3.6840
3066.1242	3.6835
3068.1123	3.6832
3070.3504	3.6828
3072.3384	3.6826
3074.7020	3.6822
3076.8152	3.6818
3078.8029	3.6812
3080.7905	3.6811
3082.9035	3.6806
3085.0165	3.6803
3087.1295	3.6800
3089.3684	3.6796
3091.3556	3.6793
3093.5947	3.6789
3095.8339	3.6785
3097.6947	3.6782
3100.0603	3.6777
3102.0471	3.6774
3104.2867	3.6770
3106.3999	3.6767
3108.3864	3.6764
3110.3728	3.6761
3112.7395	3.6754
3114.7258	3.6750
3116.7119	3.6747
3118.9520	3.6742
3121.1923	3.6738
3123.3055	3.6733
3125.1640	3.6730
3127.2770	3.6727
3129.5176	3.6722
3131.7583	3.6718
3133.8715	3.6715
3135.8569	3.6712
3137.9700	3.6707
3140.0831	3.6703
3142.1962	3.6696
3144.1812	3.6693
3146.2942	3.6690
3148.5356	3.6686
3150.5203	3.6681
3152.7618	3.6677
3154.8749	3.6672
3156.9880	3.6669
3158.9724	3.6664
3161.0854	3.6661
3163.3273	3.6655
3165.4404	3.6651
3167.4245	3.6648
3169.6667	3.6641
3171.7798	3.6637
3173.8929	3.6634
3175.8766	3.6629
3177.9896	3.6625
3180.2322	3.6620
3182.3453	3.6616
3184.3287	3.6611
3186.4417	3.6606
3188.5547	3.6603
3190.9278	3.6597
3192.7808	3.6594
3194.8938	3.6590
3197.0068	3.6585
3199.1199	3.6580
3201.3633	3.6574
3203.3459	3.6570
3205.5896	3.6565
3207.5720	3.6561
3209.6850	3.6556
3211.7980	3.6551
3214.0420	3.6547
3216.1551	3.6542
3218.1371	3.6538
3220.2501	3.6532
3222.4944	3.6527
3224.4762	3.6522
3226.5892	3.6516
3228.7022	3.6512
3230.9469	3.6507
3232.9283	3.6503
3235.1731	3.6497
3237.2862	3.6490
3239.5313	3.6486
3241.3804	3.6481
3243.7577	3.6477
3245.6064	3.6472
3247.8518	3.6468
3249.8325	3.6461
3251.9455	3.6457
3254.0585	3.6451
3256.1715	3.6445
3258.4173	3.6440
3260.3976	3.6435
3262.6436	3.6429
3264.6236	3.6425
3266.8698	3.6419
3268.9829	3.6413
3271.0960	3.6408
3273.0757	3.6403
3275.3222	3.6399
3277.3018	3.6393
3279.5484	3.6387
3281.5278	3.6384
3283.6409	3.6379
3285.8878	3.6371
3288.1349	3.6367
3290.2481	3.6361
3292.2271	3.6356
3294.3402	3.6352
3296.4533	3.6345
3298.5664	3.6342
3300.5451	3.6339
3302.6581	3.6333
3305.0405	3.6329
3307.1537	3.6324
3308.9972	3.6323
3311.1102	3.6318
3313.2232	3.6313
3315.3362	3.6310
3317.4493	3.6306
3319.5623	3.6300
3321.6753	3.6297
3323.9238	3.6292
3326.0369	3.6289
3328.1500	3.6284
3330.2631	3.6281
3332.3762	3.6278
3334.3535	3.6275
3336.6024	3.6271
3338.8516	3.6268
3340.6925	3.6265
3342.8056	3.6262
3345.0549	3.6257
3347.3044	3.6254
3349.2811	3.6251
3351.5308	3.6248
3353.3707	3.6246
3355.6204	3.6242
3357.7336	3.6237
3359.9836	3.6234
3362.0968	3.6231
3364.0729	3.6228
3366.0488	3.6226
3368.2991	3.6222
3370.5496	3.6219
3372.6628	3.6214
3374.6384	3.6213
3376.6140	3.6210
3378.8647	3.6207
3380.9778	3.6202
3383.0909	3.6199
3385.0661	3.6197
3387.1791	3.6194
3389.4302	3.6191
3391.5433	3.6187
3393.5182	3.6184
3395.6312	3.6181
3397.7442	3.6178
3399.8572	3.6173
3402.1089	3.6168
3404.2220	3.6167
3406.1963	3.6165
3408.4482	3.6161
3410.4224	3.6158
3412.6744	3.6153
3414.7876	3.6150
3416.7614	3.6147
3419.0138	3.6143
3421.1269	3.6139
3423.1005	3.6138
3425.3531	3.6133
3427.4662	3.6129
3429.5793	3.6124
3431.5526	3.6123
3433.8056	3.6118
3435.9187	3.6115
3437.8917	3.6112
3440.1449	3.6107
3442.3983	3.6103
3444.3711	3.6101
3446.3438	3.6098
3448.5973	3.6094
3450.7104	3.6091
3452.8236	3.6086
3454.9367	3.6083
3456.9089	3.6080
3459.1629	3.6075
3461.1350	3.6071
3463.3891	3.6066
3465.5022	3.6063
3467.7566	3.6057
3469.7284	3.6054
3471.8416	3.6049
3473.8131	3.6046
3475.9261	3.6042
3478.1809	3.6037
3480.2940	3.6033
3482.2652	3.6030
3484.5202	3.6025
3486.6333	3.6020
3488.6043	3.6016
3490.8596	3.6010
3492.8303	3.6007
3495.0858	3.6001
3497.0564	3.5996
3499.3120	3.5991
3501.4251	3.5985
3503.3955	3.5982
3505.5085	3.5978
3507.7644	3.5972
3509.7345	3.5967
3511.8476	3.5959
3514.1038	3.5955
3516.2169	3.5949
3518.3300	3.5943
3520.4431	3.5937
3522.5562	3.5930
3524.6693	3.5924
3526.9262	3.5917
3528.8956	3.5912
3530.8648	3.5906
3532.9778	3.5898
3535.2349	3.5891
3537.3480	3.5883
3539.3169	3.5875
3541.5742	3.5868
3543.6873	3.5860
3545.8004	3.5853
3548.0581	3.5842
3549.8820	3.5833
3551.9950	3.5824
3554.3977	3.5813
3556.2211	3.5804
3558.3341	3.5795
3560.4471	3.5781
3562.7053	3.5769
3564.6732	3.5756
3566.9316	3.5743
3568.8992	3.5729
3571.0123	3.5714
3573.2709	3.5698
3575.3840	3.5683
3577.4971	3.5665
3579.4644	3.5650
3581.5774	3.5631
3583.8364	3.5610
3585.9496	3.5592
3588.0627	3.5572
3590.1758	3.5549
3592.2889	3.5526
3594.4020	3.5503
3596.5151	3.5480
3598.6282	3.5456
3600.5946	3.5430
3602.7076	3.5404
3604.8207	3.5378
3607.0807	3.5351
3609.0467	3.5323
3611.3069	3.5296
3613.2728	3.5267
3615.3858	3.5238
3617.6462	3.5206
3619.4643	3.5177
3621.7249	3.5145
3623.9856	3.5113
3626.0987	3.5079
3628.0639	3.5047
3630.1770	3.5015
3632.2900	3.4981
3634.5511	3.4946
3636.5160	3.4910
3638.7773	3.4873
3640.7421	3.4838
3643.0036	3.4801
3644.9681	3.4766
3647.0812	3.4726
3649.1942	3.4688
3651.4560	3.4647
3653.5691	3.4607
3655.5333	3.4568
3657.7953	3.4527
3659.9084	3.4484
3662.0216	3.4441
3663.9854	3.4395
3666.0984	3.4351
3668.3609	3.4305
3670.4740	3.4261
3672.5871	3.4214
3674.7002	3.4165
3676.6635	3.4116
3678.9264	3.4066
3681.1896	3.4014
3683.0026	3.3964
3685.1156	3.3912
3687.3789	3.3857
3689.3417	3.3802
3691.4547	3.3745
3693.7182	3.3687
3695.6807	3.3628
3697.7938	3.3568
3699.9068	3.3506
3702.1707	3.3442
3704.2838	3.3376
3706.3969	3.3310
3708.3589	3.3245
3710.4719	3.3173
3712.7362	3.3100
3714.8493	3.3027
3716.9624	3.2952
3718.9240	3.2873
3721.1887	3.2790
3723.3018	3.2705
3725.4149	3.2619
3727.3761	3.2529
3729.4891	3.2438
3731.7542	3.2338
3733.5630	3.2239
3735.6760	3.2132
3737.9412	3.2023
3740.2067	3.1908
3742.1673	3.1789
3744.2803	3.1662
3746.3933	3.1528
3748.3536	3.1385
3750.4665	3.1231
3752.8853	3.1060
3754.8454	3.0869
3756.9585	3.0652
3759.0715	3.0396
3761.3378	3.0094
3763.2975	2.9735
3765.2571	2.9300
3767.5236	2.8754
3769.7902	2.8124
3771.7725	2.7500
