
capacity	voltage
2.1132	4.4010
4.2262	4.3976
6.3393	4.3955
8.4531	4.3934
10.5660	4.3920
12.6787	4.3908
14.7924	4.3897
16.9056	4.3883
19.0196	4.3871
21.1328	4.3862
23.2442	4.3854
25.3594	4.3844
27.4716	4.3836
29.5848	4.3827
31.6980	4.3818
33.8112	4.3810
35.9258	4.3803
38.0376	4.3796
40.1507	4.3787
42.2657	4.3780
44.3771	4.3775
46.4903	4.3766
48.6016	4.3760
50.7147	4.3754
52.8278	4.3746
54.9409	4.3740
57.0563	4.3732
59.1671	4.3728
61.2827	4.3720
63.3933	4.3716
65.5064	4.3708
67.6251	4.3700
69.7355	4.3696
71.8458	4.3690
73.9589	4.3684
76.0720	4.3679
78.1883	4.3673
80.3015	4.3667
82.4147	4.3661
84.5244	4.3655
86.6376	4.3650
88.7543	4.3644
90.8638	4.3638
92.9769	4.3633
95.0900	4.3629
97.2031	4.3622
99.3162	4.3616
101.4335	4.3612
103.5424	4.3607
105.6642	4.3601
107.7643	4.3595
109.8863	4.3589
111.9949	4.3584
114.1080	4.3580
116.2258	4.3574
118.3390	4.3569
120.4522	4.3563
122.5654	4.3558
124.6736	4.3554
126.7918	4.3549
128.9050	4.3542
131.0129	4.3537
133.1314	4.3532
135.2446	4.3528
137.3578	4.3523
139.4710	4.3517
141.5784	4.3513
143.6974	4.3508
145.8047	4.3502
147.9178	4.3499
150.0309	4.3493
152.1440	4.3488
154.2571	4.3482
156.3702	4.3478
158.4898	4.3471
160.5964	4.3467
162.7162	4.3462
164.8294	4.3458
166.9426	4.3452
169.0558	4.3449
171.1620	4.3444
173.2822	4.3438
175.3954	4.3433
177.5013	4.3427
179.6144	4.3423
181.7350	4.3418
183.8407	4.3413
185.9538	4.3409
188.0746	4.3403
190.1878	4.3398
192.3009	4.3392
194.4141	4.3389
196.5193	4.3384
198.6324	4.3378
200.7537	4.3374
202.8587	4.3368
204.9718	4.3363
207.0849	4.3358
209.1980	4.3354
211.3111	4.3349
213.4242	4.3345
215.5549	4.3339
217.6504	4.3334
219.7546	4.3330
221.8767	4.3325
223.9898	4.3320
226.1029	4.3314
228.2160	4.3308
230.3291	4.3304
232.4328	4.3301
234.5649	4.3294
236.6684	4.3290
238.7718	4.3285
240.8947	4.3279
243.0177	4.3275
245.1209	4.3270
247.2441	4.3265
249.3370	4.3262
251.4602	4.3255
253.5630	4.3250
255.6760	4.3246
257.7891	4.3241
259.9021	4.3236
262.0151	4.3230
264.1281	4.3226
266.2520	4.3221
268.3651	4.3215
270.4782	4.3210
272.5913	4.3206
274.6933	4.3200
276.8063	4.3195
278.9193	4.3191
281.0438	4.3186
283.1684	4.3180
285.2700	4.3175
287.3831	4.3171
289.4844	4.3166
291.6093	4.3162
293.7105	4.3157
295.8235	4.3153
297.9487	4.3146
300.0618	4.3139
302.1626	4.3134
304.3004	4.3130
306.3886	4.3125
308.5017	4.3120
310.6273	4.3114
312.7404	4.3110
314.8536	4.3105
316.9667	4.3101
319.0668	4.3096
321.1667	4.3091
323.3060	4.3084
325.4059	4.3079
327.5322	4.3075
329.6319	4.3070
331.7584	4.3064
333.8852	4.3058
335.9847	4.3053
338.0978	4.3049
340.2109	4.3044
342.3240	4.3038
344.4371	4.3033
346.5643	4.3027
348.6633	4.3023
350.7622	4.3017
352.8896	4.3012
355.0027	4.3006
357.1158	4.3001
359.2289	4.2997
361.3273	4.2992
363.4699	4.2986
365.5533	4.2982
367.6813	4.2977
369.8095	4.2971
371.8924	4.2966
374.0359	4.2959
376.1491	4.2954
378.2315	4.2951
380.3755	4.2945
382.4731	4.2939
384.5862	4.2934
386.7151	4.2928
388.8283	4.2924
390.9256	4.2918
393.0547	4.2911
395.1679	4.2905
397.2811	4.2901
399.3780	4.2896
401.5075	4.2889
403.6042	4.2885
405.7339	4.2879
407.8471	4.2875
409.9436	4.2870
412.0735	4.2863
414.1867	4.2856
416.3168	4.2850
418.4131	4.2846
420.5262	4.2840
422.6222	4.2835
424.7353	4.2829
426.8658	4.2824
428.9616	4.2820
431.0747	4.2814
433.2054	4.2808
435.3186	4.2800
437.4318	4.2794
439.5271	4.2791
441.6402	4.2785
443.7714	4.2780
445.9028	4.2774
448.0161	4.2768
450.0927	4.2763
452.2242	4.2757
454.3559	4.2750
456.4506	4.2744
458.5451	4.2739
460.6770	4.2733
462.8091	4.2727
464.9034	4.2722
467.0356	4.2716
469.1298	4.2710
471.2238	4.2705
473.3369	4.2701
475.4500	4.2695
477.6020	4.2687
479.7153	4.2679
481.8286	4.2675
483.9222	4.2669
486.0354	4.2664
488.1486	4.2658
490.2618	4.2652
492.3750	4.2646
494.4479	4.2641
496.5811	4.2637
498.6942	4.2629
500.8277	4.2623
502.9204	4.2617
505.0336	4.2611
507.1673	4.2605
509.2598	4.2600
511.3937	4.2594
513.4860	4.2588
515.5991	4.2582
517.7122	4.2577
519.8253	4.2568
521.9172	4.2564
524.0516	4.2557
526.1647	4.2551
528.2993	4.2545
530.4341	4.2539
532.5040	4.2535
534.6389	4.2528
536.7521	4.2522
538.8653	4.2515
540.9785	4.2509
543.0917	4.2502
545.1827	4.2498
547.2735	4.2492
549.4089	4.2486
551.5220	4.2480
553.6577	4.2473
555.7709	4.2467
557.8841	4.2461
559.9973	4.2454
562.1105	4.2448
564.2007	4.2441
566.3369	4.2435
568.4501	4.2429
570.5633	4.2423
572.6531	4.2419
574.7896	4.2412
576.9028	4.2405
578.9924	4.2399
581.1056	4.2393
583.1949	4.2387
585.3556	4.2379
587.4449	4.2373
589.5580	4.2367
591.6470	4.2362
593.7600	4.2354
595.8973	4.2348
597.9861	4.2342
600.0991	4.2336
602.2121	4.2330
604.3252	4.2322
606.4382	4.2318
608.5512	4.2310
610.6642	4.2306
612.8022	4.2298
614.8903	4.2293
617.0284	4.2284
619.1163	4.2280
621.2294	4.2274
623.3678	4.2266
625.4809	4.2260
627.5940	4.2254
629.7071	4.2248
631.8202	4.2242
633.9075	4.2235
636.0724	4.2226
638.1596	4.2220
640.2727	4.2214
642.3858	4.2208
644.4989	4.2202
646.6120	4.2196
648.7251	4.2190
650.8382	4.2182
652.9513	4.2176
655.0378	4.2170
657.1776	4.2162
659.2907	4.2156
661.4038	4.2150
663.4899	4.2144
665.6300	4.2136
667.7159	4.2130
669.8289	4.2126
671.9967	4.2115
674.1099	4.2109
676.1956	4.2103
678.3087	4.2098
680.4218	4.2090
682.5071	4.2084
684.6201	4.2080
686.7331	4.2072
688.8462	4.2066
690.9873	4.2057
693.1287	4.2051
695.2419	4.2043
697.2983	4.2039
699.4113	4.2032
701.5529	4.2025
703.6373	4.2019
705.7504	4.2013
707.8922	4.2007
710.0343	4.1997
712.1184	4.1991
714.2316	4.1985
716.3155	4.1979
718.4871	4.1971
720.5709	4.1965
722.7135	4.1959
724.7971	4.1953
726.8806	4.1944
729.0233	4.1938
731.1364	4.1930
733.2496	4.1924
735.3627	4.1918
737.4457	4.1912
739.5889	4.1906
741.7322	4.1898
743.8151	4.1892
745.9282	4.1884
748.0413	4.1878
750.1239	4.1872
752.2676	4.1865
754.3807	4.1857
756.4938	4.1851
758.5760	4.1845
760.6890	4.1839
762.8020	4.1830
764.9151	4.1823
767.0906	4.1816
769.1724	4.1810
771.2856	4.1802
773.3672	4.1798
775.4802	4.1791
777.6249	4.1784
779.7380	4.1778
781.8193	4.1770
783.9323	4.1764
786.0453	4.1756
788.1583	4.1749
790.3358	4.1741
792.4490	4.1735
794.5298	4.1729
796.6429	4.1721
798.7560	4.1714
800.8365	4.1707
802.9822	4.1700
805.0953	4.1694
807.2084	4.1688
809.2886	4.1682
811.4677	4.1674
813.5478	4.1668
815.6609	4.1660
817.8073	4.1653
819.8871	4.1645
822.0337	4.1639
824.1133	4.1631
826.2264	4.1625
828.3058	4.1619
830.4865	4.1611
832.5658	4.1604
834.7129	4.1598
836.7920	4.1590
838.8709	4.1585
841.0182	4.1578
843.1313	4.1572
845.2100	4.1564
847.3230	4.1559
849.4707	4.1550
851.5491	4.1543
853.6969	4.1535
855.7751	4.1530
857.8882	4.1523
860.0362	4.1517
862.1493	4.1511
864.2624	4.1503
866.3756	4.1495
868.4533	4.1489
870.5663	4.1482
872.6793	4.1476
874.7924	4.1468
876.9054	4.1462
879.0184	4.1456
881.1314	4.1448
883.2445	4.1442
885.3936	4.1434
887.5067	4.1427
889.5835	4.1419
891.7329	4.1413
893.8460	4.1407
895.9591	4.1399
898.0356	4.1393
900.1487	4.1386
902.3352	4.1379
904.4116	4.1370
906.5247	4.1364
908.6748	4.1357
910.7138	4.1350
912.8268	4.1344
914.9398	4.1338
917.0902	4.1331
919.2408	4.1323
921.2789	4.1315
923.3919	4.1309
925.5050	4.1303
927.6180	4.1295
929.7310	4.1289
931.8820	4.1282
933.9571	4.1276
936.1082	4.1268
938.2213	4.1260
940.3728	4.1253
942.4476	4.1247
944.5607	4.1239
946.7124	4.1233
948.7869	4.1227
950.9388	4.1219
953.0131	4.1213
955.1262	4.1207
957.2003	4.1199
959.3524	4.1192
961.4264	4.1186
963.6179	4.1178
965.6524	4.1172
967.8049	4.1164
969.8785	4.1158
971.9915	4.1151
974.1045	4.1143
976.2573	4.1137
978.4103	4.1129
980.4436	4.1123
982.6367	4.1115
984.7098	4.1109
986.7827	4.1103
988.8957	4.1097
991.0491	4.1088
993.2027	4.1082
995.3159	4.1074
997.3884	4.1068
999.5423	4.1060
1001.6147	4.1054
1003.7278	4.1048
1005.8409	4.1042
1007.9129	4.1033
1010.0260	4.1027
1012.1802	4.1019
1014.3347	4.1013
1016.4064	4.1006
1018.5196	4.0999
1020.6327	4.0993
1022.7041	4.0987
1024.8589	4.0980
1026.9720	4.0970
1029.0432	4.0964
1031.2402	4.0957
1033.3534	4.0951
1035.3823	4.0946
1037.5798	4.0937
1039.6507	4.0931
1041.7638	4.0925
1043.8769	4.0916
1045.9474	4.0909
1048.1031	4.0903
1050.2590	4.0896
1052.3722	4.0890
1054.4424	4.0883
1056.5556	4.0877
1058.6687	4.0870
1060.7818	4.0861
1062.9382	4.0854
1065.0080	4.0848
1067.0776	4.0842
1069.2342	4.0835
1071.3473	4.0829
1073.5042	4.0821
1075.5297	4.0815
1077.6867	4.0807
1079.8438	4.0800
1081.8688	4.0793
1084.0702	4.0786
1086.0949	4.0781
1088.2522	4.0774
1090.3209	4.0768
1092.4784	4.0760
1094.5916	4.0754
1096.6600	4.0746
1098.7730	4.0740
1100.8860	4.0732
1102.9991	4.0726
1105.1121	4.0720
1107.3153	4.0711
1109.4285	4.0705
1111.4964	4.0699
1113.5642	4.0691
1115.7227	4.0684
1117.8358	4.0677
1119.9489	4.0670
1122.0620	4.0664
1124.1293	4.0658
1126.2882	4.0652
1128.4013	4.0644
1130.4684	4.0638
1132.5814	4.0630
1134.7407	4.0624
1136.9001	4.0616
1139.0133	4.0609
1141.1265	4.0603
1143.1465	4.0597
1145.3529	4.0589
1147.4193	4.0583
1149.4856	4.0575
1151.6925	4.0568
1153.7587	4.0562
1155.8247	4.0555
1157.9849	4.0549
1160.0980	4.0543
1162.1638	4.0536
1164.2768	4.0529
1166.4373	4.0520
1168.5028	4.0514
1170.7113	4.0507
1172.7289	4.0502
1174.9377	4.0494
1177.0029	4.0488
1179.1160	4.0482
1181.2291	4.0475
1183.3422	4.0468
1185.4070	4.0461
1187.5201	4.0453
1189.6816	4.0447
1191.7947	4.0439
1193.9078	4.0433
1196.0209	4.0426
1198.0852	4.0420
1200.1982	4.0414
1202.4092	4.0404
1204.4733	4.0398
1206.5373	4.0392
1208.7488	4.0385
1210.7633	4.0380
1212.8764	4.0372
1215.0389	4.0366
1217.1024	4.0360
1219.3148	4.0352
1221.3782	4.0343
1223.4913	4.0337
1225.5545	4.0331
1227.7676	4.0323
1229.8808	4.0317
1231.9438	4.0311
1234.0569	4.0305
1236.2204	4.0298
1238.2327	4.0290
1240.3457	4.0284
1242.5093	4.0276
1244.6224	4.0270
1246.6848	4.0266
1248.8996	4.0256
1250.9108	4.0252
1253.0238	4.0246
1255.1880	4.0238
1257.2499	4.0229
1259.4142	4.0223
1261.4759	4.0217
1263.6404	4.0209
1265.7020	4.0204
1267.8150	4.0197
1269.9798	4.0189
1272.0929	4.0183
1274.1541	4.0175
1276.2671	4.0171
1278.3801	4.0162
1280.4932	4.0157
1282.6062	4.0150
1284.7192	4.0143
1286.8322	4.0136
1288.8927	4.0131
1291.0583	4.0124
1293.2240	4.0114
1295.3371	4.0108
1297.4502	4.0101
1299.5633	4.0095
1301.6764	4.0088
1303.7896	4.0082
1305.9027	4.0075
1308.0158	4.0069
1310.1289	4.0061
1312.1885	4.0053
1314.3551	4.0046
1316.4146	4.0041
1318.5276	4.0035
1320.6944	4.0027
1322.8076	4.0021
1324.8667	4.0015
1326.9797	4.0009
1329.1469	4.0000
1331.2600	3.9992
1333.3731	3.9986
1335.4862	3.9979
1337.5993	3.9973
1339.6579	3.9966
1341.8256	3.9960
1343.8839	3.9954
1346.0518	3.9945
1348.1100	3.9939
1350.2230	3.9931
1352.3360	3.9925
1354.5042	3.9919
1356.6173	3.9911
1358.7304	3.9905
1360.8436	3.9898
1362.9567	3.9890
1365.0698	3.9882
1367.1829	3.9876
1369.2960	3.9869
1371.3532	3.9864
1373.5222	3.9855
1375.6353	3.9849
1377.7484	3.9843
1379.8053	3.9835
1381.9747	3.9829
1384.0314	3.9821
1386.2009	3.9814
1388.2574	3.9808
1390.4271	3.9800
1392.5402	3.9794
1394.5965	3.9788
1396.6526	3.9782
1398.8226	3.9773
1400.9927	3.9765
1403.0486	3.9760
1405.1616	3.9753
1407.3320	3.9745
1409.4451	3.9739
1411.5007	3.9731
1413.6713	3.9725
1415.6691	3.9718
1417.8398	3.9712
1419.8949	3.9705
1422.0658	3.9696
1424.1789	3.9690
1426.2919	3.9684
1428.4049	3.9678
1430.5179	3.9670
1432.6893	3.9661
1434.8024	3.9655
1436.9156	3.9649
1439.0287	3.9641
1441.1418	3.9635
1443.2549	3.9628
1445.3091	3.9623
1447.4811	3.9615
1449.5352	3.9606
1451.7073	3.9599
1453.8204	3.9593
1455.8742	3.9586
1457.9873	3.9579
1460.1598	3.9571
1462.2133	3.9565
1464.3263	3.9559
1466.4394	3.9550
1468.6122	3.9544
1470.7253	3.9536
1472.7784	3.9530
1474.8915	3.9524
1477.0045	3.9516
1479.1175	3.9510
1481.2909	3.9503
1483.3436	3.9496
1485.5171	3.9489
1487.5696	3.9481
1489.6826	3.9475
1491.7957	3.9469
1493.9087	3.9463
1496.0217	3.9455
1498.1347	3.9449
1500.2478	3.9443
1502.3608	3.9434
1504.5351	3.9426
1506.6482	3.9420
1508.6999	3.9414
1510.8129	3.9408
1512.8642	3.9402
1515.0389	3.9394
1517.1520	3.9388
1519.2650	3.9382
1521.5020	3.9373
1523.4910	3.9368
1525.6662	3.9359
1527.7171	3.9355
1529.8301	3.9347
1532.0056	3.9341
1534.1187	3.9335
1536.1066	3.9329
1538.3449	3.9319
1540.3952	3.9313
1542.5711	3.9306
1544.6842	3.9300
1546.7973	3.9294
1548.9104	3.9287
1550.9604	3.9283
1553.0734	3.9277
1555.2498	3.9269
1557.4264	3.9260
1559.4760	3.9255
1561.5891	3.9249
1563.7022	3.9243
1565.8153	3.9237
1567.9284	3.9231
1570.0416	3.9225
1572.0906	3.9219
1574.2036	3.9213
1576.3167	3.9203
1578.4297	3.9199
1580.6071	3.9191
1582.6557	3.9187
1584.8979	3.9179
1586.8818	3.9174
1588.9948	3.9168
1591.1078	3.9162
1593.2209	3.9156
1595.3339	3.9150
1597.5771	3.9142
1599.6251	3.9138
1601.6730	3.9132
1603.7860	3.9127
1605.9644	3.9120
1608.0776	3.9113
1610.1251	3.9109
1612.3695	3.9103
1614.3511	3.9098
1616.5300	3.9091
1618.6431	3.9084
1620.8223	3.9077
1622.8032	3.9074
1624.9162	3.9068
1627.0293	3.9062
1629.2751	3.9055
1631.3218	3.9049
1633.4349	3.9045
1635.6147	3.9037
1637.6611	3.9031
1639.7742	3.9026
1641.8873	3.9020
1643.9335	3.9016
1646.1806	3.9010
1648.2938	3.9004
1650.2725	3.8999
1652.4529	3.8994
1654.4986	3.8990
1656.6791	3.8981
1658.7246	3.8978
1660.9730	3.8972
1663.0184	3.8967
1665.1316	3.8961
1667.2447	3.8956
1669.3578	3.8952
1671.4028	3.8947
1673.5158	3.8941
1675.6971	3.8935
1677.8102	3.8929
1679.9233	3.8923
1682.0364	3.8917
1684.0809	3.8912
1686.1940	3.8907
1688.3758	3.8903
1690.4200	3.8897
1692.6020	3.8892
1694.7151	3.8886
1696.7591	3.8882
1698.9413	3.8877
1700.9851	3.8872
1703.2370	3.8865
1705.3502	3.8859
1707.3242	3.8856
1709.5069	3.8849
1711.5503	3.8846
1713.7331	3.8840
1715.7763	3.8836
1717.9593	3.8831
1720.0724	3.8825
1722.1856	3.8822
1724.2987	3.8816
1726.4118	3.8810
1728.5249	3.8805
1730.6380	3.8801
1732.7511	3.8796
1734.7935	3.8791
1736.9066	3.8785
1739.0904	3.8781
1741.2745	3.8776
1743.2456	3.8772
1745.4298	3.8767
1747.4717	3.8762
1749.5847	3.8756
1751.6977	3.8750
1753.8822	3.8746
1755.9953	3.8741
1758.0368	3.8737
1760.1498	3.8732
1762.2629	3.8727
1764.4478	3.8721
1766.4889	3.8718
1768.6019	3.8714
1770.7871	3.8709
1772.9002	3.8705
1775.0133	3.8700
1777.0540	3.8694
1779.1671	3.8689
1781.3527	3.8685
1783.3931	3.8679
1785.5061	3.8674
1787.6920	3.8669
1789.7322	3.8665
1791.7722	3.8662
1793.9582	3.8657
1796.0713	3.8653
1798.1843	3.8648
1800.2239	3.8643
1802.3369	3.8637
1804.5234	3.8631
1806.6364	3.8628
1808.7494	3.8622
1810.7886	3.8618
1813.0493	3.8613
1815.0885	3.8608
1817.1274	3.8605
1819.3887	3.8599
1821.3533	3.8596
1823.5406	3.8590
1825.7280	3.8587
1827.7666	3.8581
1829.8797	3.8576
1832.0673	3.8572
1834.1804	3.8567
1836.2936	3.8563
1838.4067	3.8558
1840.5198	3.8553
1842.5578	3.8550
1844.6708	3.8546
1846.8591	3.8541
1848.8969	3.8537
1851.0099	3.8532
1853.1984	3.8527
1855.2360	3.8524
1857.3490	3.8518
1859.5378	3.8514
1861.4992	3.8511
1863.6881	3.8505
1865.8771	3.8500
1867.9141	3.8495
1870.0271	3.8492
1872.1402	3.8488
1874.2532	3.8483
1876.4427	3.8479
1878.4792	3.8476
1880.6689	3.8471
1882.7820	3.8463
1884.8951	3.8459
1886.9313	3.8457
1889.1213	3.8451
1891.1574	3.8448
1893.2704	3.8444
1895.3834	3.8439
1897.5738	3.8434
1899.6095	3.8431
1901.8775	3.8425
1903.8355	3.8422
1906.0262	3.8418
1908.1393	3.8413
1910.2524	3.8408
1912.2876	3.8405
1914.5567	3.8399
1916.5137	3.8396
1918.6267	3.8392
1920.7397	3.8386
1923.0095	3.8381
1924.9658	3.8379
1927.0788	3.8373
1929.1132	3.8370
1931.3836	3.8366
1933.5755	3.8361
1935.6887	3.8357
1937.7229	3.8352
1939.7570	3.8349
1941.9491	3.8344
1944.0622	3.8340
1946.0960	3.8335
1948.3678	3.8331
1950.3221	3.8328
1952.4351	3.8323
1954.5481	3.8320
1956.6612	3.8315
1958.8540	3.8311
1960.8872	3.8306
1963.0802	3.8302
1965.1133	3.8297
1967.3866	3.8293
1969.4196	3.8288
1971.4523	3.8283
1973.6458	3.8280
1975.7589	3.8277
1977.8720	3.8271
1979.8237	3.8268
1982.0175	3.8265
1984.0496	3.8260
1986.2435	3.8257
1988.4376	3.8251
1990.5507	3.8247
1992.5014	3.8244
1994.7769	3.8238
1996.8900	3.8235
1999.0031	3.8230
2001.1162	3.8227
2003.1477	3.8222
2005.2607	3.8219
2007.4556	3.8215
2009.4868	3.8210
2011.5998	3.8207
2013.7128	3.8202
2015.9080	3.8198
2018.0211	3.8193
2020.0519	3.8190
2022.1649	3.8186
2024.2780	3.8181
2026.3910	3.8178
2028.5867	3.8173
2030.6170	3.8169
2032.7301	3.8166
2034.9260	3.8161
2036.9561	3.8158
2039.0691	3.8154
2041.2653	3.8151
2043.2952	3.8146
2045.4916	3.8141
2047.6047	3.8137
2049.6343	3.8134
2051.8309	3.8129
2053.8603	3.8125
2055.9733	3.8122
2058.0864	3.8117
2060.1994	3.8112
2062.3964	3.8109
2064.5096	3.8105
2066.5385	3.8102
2068.6515	3.8097
2070.8489	3.8093
2072.8775	3.8090
2075.0751	3.8085
2077.1036	3.8082
2079.2166	3.8079
2081.4144	3.8073
2083.5276	3.8068
2085.6407	3.8064
2087.6687	3.8062
2089.8669	3.8056
2091.9800	3.8053
2094.0078	3.8050
2096.1208	3.8047
2098.2338	3.8042
2100.4324	3.8038
2102.4599	3.8035
2104.5729	3.8032
2106.6859	3.8027
2108.8849	3.8024
2110.9980	3.8019
2113.0250	3.8016
2115.1380	3.8012
2117.2511	3.8007
2119.4504	3.8003
2121.6500	3.8000
2123.6767	3.7995
2125.7898	3.7992
2127.8162	3.7989
2129.9292	3.7984
2132.1291	3.7981
2134.1553	3.7978
2136.2683	3.7974
2138.3813	3.7969
2140.4943	3.7966
2142.6947	3.7960
2144.7204	3.7958
2146.8334	3.7952
2148.8589	3.7949
2151.0595	3.7945
2153.1725	3.7942
2155.2855	3.7937
2157.3106	3.7935
2159.5996	3.7929
2161.5365	3.7926
2163.6494	3.7923
2165.8506	3.7920
2167.8753	3.7916
2170.1651	3.7913
2172.2782	3.7908
2174.3913	3.7905
2176.4158	3.7900
2178.6176	3.7896
2180.7307	3.7893
2182.6659	3.7890
2184.7788	3.7885
2186.9809	3.7882
2189.0047	3.7879
2191.2069	3.7876
2193.3200	3.7871
2195.5224	3.7867
2197.5460	3.7864
2199.7487	3.7861
2201.8618	3.7856
2203.7953	3.7855
2205.9981	3.7850
2208.2011	3.7845
2210.3142	3.7841
2212.3372	3.7838
2214.5404	3.7833
2216.6536	3.7830
2218.6763	3.7827
2220.6988	3.7824
2222.9023	3.7819
2225.1060	3.7815
2227.2191	3.7812
2229.3322	3.7810
2231.3544	3.7807
2233.4674	3.7803
2235.4893	3.7801
2237.7847	3.7795
2239.8978	3.7792
2242.0109	3.7789
2243.9411	3.7786
2246.2371	3.7780
2248.2586	3.7778
2250.4633	3.7774
2252.5764	3.7769
2254.6896	3.7768
2256.6187	3.7765
2258.9158	3.7760
2260.9368	3.7757
2263.0498	3.7752
2265.1628	3.7749
2267.2758	3.7746
2269.4813	3.7743
2271.5944	3.7739
2273.5222	3.7737
2275.7279	3.7733
2277.8410	3.7729
2279.9540	3.7725
2282.0670	3.7720
2284.1800	3.7717
2286.2931	3.7714
2288.4061	3.7710
2290.5191	3.7707
2292.7256	3.7704
2294.7452	3.7700
2296.8582	3.7697
2298.8775	3.7694
2301.1780	3.7690
2303.1034	3.7687
2305.3103	3.7684
2307.3293	3.7681
2309.6304	3.7676
2311.7436	3.7673
2313.6681	3.7671
2315.9698	3.7665
2317.9884	3.7662
2320.0069	3.7659
2322.2145	3.7656
2324.3275	3.7652
2326.4405	3.7649
2328.4587	3.7647
2330.6666	3.7642
2332.8747	3.7639
2334.9878	3.7636
2337.0057	3.7633
2339.2140	3.7629
2341.2317	3.7627
2343.3447	3.7624
2345.3622	3.7621
2347.6664	3.7617
2349.6838	3.7615
2351.7968	3.7610
2354.0058	3.7606
2356.0229	3.7603
2358.1359	3.7600
2360.2489	3.7597
2362.3620	3.7594
2364.5713	3.7589
2366.5880	3.7588
2368.7976	3.7583
2370.8141	3.7581
2372.9271	3.7578
2374.9433	3.7575
2377.0563	3.7572
2379.3631	3.7568
2381.4762	3.7565
2383.3951	3.7563
2385.5080	3.7560
2387.7183	3.7556
2389.8313	3.7551
2392.0418	3.7548
2394.0573	3.7545
2396.2680	3.7542
2398.2834	3.7539
2400.3964	3.7536
2402.6073	3.7531
2404.6225	3.7530
2406.7355	3.7527
2408.8485	3.7523
2411.0598	3.7519
2413.0746	3.7517
2415.1876	3.7514
2417.2021	3.7513
2419.4136	3.7508
2421.5267	3.7507
2423.7384	3.7502
2425.7527	3.7498
2427.9647	3.7494
2429.9788	3.7491
2432.1909	3.7488
2434.3040	3.7485
2436.4171	3.7482
2438.4309	3.7479
2440.6433	3.7476
2442.6569	3.7473
2444.7699	3.7470
2446.8830	3.7469
2448.9960	3.7465
2451.1090	3.7464
2453.3220	3.7459
2455.3351	3.7456
2457.4481	3.7453
2459.6613	3.7450
2461.6741	3.7447
2463.7872	3.7444
2465.9002	3.7441
2468.1138	3.7436
2470.1262	3.7435
2472.3400	3.7430
2474.4531	3.7427
2476.5662	3.7424
2478.4773	3.7423
2480.6914	3.7418
2482.9056	3.7415
2485.0187	3.7412
2487.1318	3.7409
2489.1435	3.7407
2491.2565	3.7403
2493.3695	3.7400
2495.4825	3.7397
2497.5956	3.7394
2499.7086	3.7391
2501.7196	3.7389
2503.8326	3.7383
2506.0477	3.7378
2508.1607	3.7375
2510.1714	3.7374
2512.2843	3.7371
2514.4998	3.7368
2516.6128	3.7365
2518.7258	3.7362
2520.8388	3.7360
2522.9519	3.7357
2525.1678	3.7354
2527.0749	3.7353
2529.2909	3.7350
2531.4040	3.7346
2533.5170	3.7343
2535.6300	3.7340
2537.7430	3.7337
2539.8561	3.7336
2541.9691	3.7333
2543.9784	3.7330
2546.0914	3.7325
2548.3082	3.7322
2550.4212	3.7319
2552.6382	3.7316
2554.6472	3.7314
2556.8644	3.7310
2558.8733	3.7308
2561.0907	3.7305
2563.0993	3.7302
2565.2124	3.7299
2567.3254	3.7298
2569.4384	3.7295
2571.5514	3.7292
2573.6645	3.7288
2575.6725	3.7287
2577.9956	3.7282
2579.8984	3.7281
2582.2218	3.7276
2584.3349	3.7275
2586.3426	3.7273
2588.4556	3.7269
2590.5687	3.7266
2592.7873	3.7263
2594.7947	3.7259
2596.9077	3.7256
2598.9148	3.7255
2601.1338	3.7252
2603.2468	3.7249
2605.2537	3.7246
2607.4729	3.7243
2609.5859	3.7240
2611.8053	3.7237
2613.8119	3.7235
2615.9250	3.7232
2618.0380	3.7230
2620.1510	3.7227
2622.3709	3.7223
2624.3771	3.7221
2626.3830	3.7218
2628.6031	3.7214
2630.6089	3.7212
2632.8292	3.7209
2635.0496	3.7206
2637.1627	3.7203
2639.2758	3.7200
2641.3889	3.7198
2643.3943	3.7195
2645.5073	3.7192
2647.7282	3.7189
2649.8413	3.7186
2651.8464	3.7185
2654.0676	3.7182
2656.1807	3.7179
2658.1855	3.7177
2660.4069	3.7173
2662.4115	3.7171
2664.5245	3.7168
2666.6376	3.7165
2668.7506	3.7162
2670.8636	3.7160
2672.9766	3.7154
2674.9806	3.7151
2677.0936	3.7150
2679.2065	3.7147
2681.4287	3.7144
2683.6511	3.7140
2685.5453	3.7137
2687.7678	3.7134
2689.7712	3.7133
2691.9939	3.7130
2694.1069	3.7127
2696.3298	3.7124
2698.3329	3.7121
2700.4460	3.7119
2702.4488	3.7116
2704.6720	3.7113
2706.7850	3.7110
2709.0084	3.7107
2711.0111	3.7104
2713.2347	3.7099
2715.3478	3.7096
2717.3502	3.7095
2719.5740	3.7090
2721.6871	3.7089
2723.8002	3.7084
2725.9133	3.7082
2728.0264	3.7079
2730.0283	3.7076
2732.1413	3.7073
2734.2544	3.7072
2736.3674	3.7069
2738.5920	3.7066
2740.5934	3.7063
2742.7065	3.7061
2744.8195	3.7058
2746.9325	3.7055
2749.0455	3.7052
2751.1586	3.7049
2753.1594	3.7046
2755.3846	3.7041
2757.4976	3.7038
2759.6107	3.7035
2761.7237	3.7034
2763.7241	3.7029
2765.9497	3.7028
2768.0628	3.7024
2770.2887	3.7020
2772.4018	3.7017
2774.2888	3.7017
2776.5149	3.7012
2778.6279	3.7009
2780.8542	3.7006
2782.8539	3.7005
2784.9670	3.7000
2787.1936	3.6997
2789.1930	3.6995
2791.4198	3.6992
2793.4191	3.6989
2795.5321	3.6985
2797.6451	3.6982
2799.7581	3.6980
2801.8712	3.6976
2804.0984	3.6973
2806.2116	3.6970
2808.2102	3.6968
2810.4378	3.6965
2812.3217	3.6963
2814.7787	3.6957
2816.6623	3.6957
2818.7754	3.6954
2821.1183	3.6950
2823.0014	3.6947
2825.2296	3.6944
2827.3427	3.6941
2829.2252	3.6939
2831.5689	3.6934
2833.4511	3.6933
2835.7951	3.6927
2837.7926	3.6925
2840.0213	3.6921
2842.0186	3.6919
2844.0157	3.6916
2846.3607	3.6913
2848.3577	3.6912
2850.5869	3.6907
2852.5838	3.6904
2854.8131	3.6901
2856.8098	3.6898
2858.9228	3.6896
2861.0359	3.6893
2863.2656	3.6890
2865.3787	3.6886
2867.3749	3.6884
2869.6049	3.6880
2871.7180	3.6878
2873.7140	3.6875
2875.9442	3.6870
2878.0573	3.6866
2880.0531	3.6866
2882.1661	3.6861
2884.2791	3.6858
2886.5098	3.6855
2888.5052	3.6852
2890.6182	3.6849
2892.7312	3.6846
2894.8443	3.6843
2897.0753	3.6840
2899.0703	3.6835
2901.1833	3.6834
2903.4147	3.6829
2905.4094	3.6826
2907.6409	3.6823
2909.6354	3.6820
2911.8671	3.6817
2913.7427	3.6812
2915.8557	3.6809
2918.0875	3.6805
2920.0815	3.6802
2922.3136	3.6799
2924.4266	3.6796
2926.6589	3.6791
2928.5333	3.6789
2930.7657	3.6785
2932.7592	3.6782
2935.1113	3.6777
2937.1048	3.6774
2939.2178	3.6771
2941.2109	3.6768
2943.3239	3.6765
2945.4368	3.6762
2947.6699	3.6756
2949.7829	3.6753
2951.7756	3.6750
2954.0090	3.6747
2956.0015	3.6744
2958.1144	3.6741
2960.2274	3.6738
2962.3403	3.6733
2964.4533	3.6730
2966.4453	3.6727
2968.6791	3.6722
2970.7921	3.6719
2973.0262	3.6715
2975.0180	3.6713
2977.2522	3.6707
2979.4867	3.6704
2981.4783	3.6698
2983.4697	3.6696
2985.5827	3.6692
2987.6956	3.6687
2989.9304	3.6684
2992.0434	3.6680
2994.1564	3.6677
2996.2695	3.6672
2998.3825	3.6669
3000.4955	3.6664
3002.6085	3.6661
3004.7216	3.6657
3006.9571	3.6652
3008.9476	3.6649
3011.0606	3.6646
3013.1737	3.6640
3015.2867	3.6635
3017.3997	3.6631
3019.6358	3.6626
3021.7489	3.6623
3023.6156	3.6620
3025.7285	3.6617
3027.9648	3.6612
3029.9544	3.6608
3032.1909	3.6603
3034.3039	3.6599
3036.4169	3.6596
3038.5300	3.6591
3040.5191	3.6585
3042.6320	3.6582
3044.8690	3.6577
3046.8579	3.6573
3048.9708	3.6570
3051.2081	3.6564
3053.3211	3.6561
3055.3096	3.6556
3057.4226	3.6551
3059.5355	3.6547
3061.6485	3.6542
3063.7614	3.6538
3065.9993	3.6533
3067.9873	3.6527
3070.3504	3.6522
3072.3384	3.6519
3074.4514	3.6515
3076.5644	3.6510
3078.6774	3.6504
3080.7905	3.6500
3083.0291	3.6493
3085.0165	3.6490
3087.1295	3.6486
3089.2426	3.6480
3091.3556	3.6477
3093.3425	3.6471
3095.7078	3.6466
3097.8209	3.6460
3099.9340	3.6455
3101.7943	3.6451
3104.0337	3.6446
3106.1468	3.6442
3108.3864	3.6435
3110.3728	3.6431
3112.4858	3.6428
3114.7258	3.6422
3116.7119	3.6417
3118.9520	3.6411
3120.8107	3.6406
3123.0510	3.6400
3125.0366	3.6397
3127.2770	3.6391
3129.3900	3.6385
3131.5031	3.6382
3133.6161	3.6378
3135.6013	3.6373
3137.9700	3.6367
3139.9552	3.6364
3141.9401	3.6358
3144.1812	3.6352
3146.1660	3.6349
3148.4073	3.6342
3150.3919	3.6339
3152.6333	3.6333
3154.7463	3.6330
3156.9880	3.6326
3158.8436	3.6323
3161.0854	3.6316
3163.1984	3.6313
3165.4404	3.6307
3167.4245	3.6304
3169.6667	3.6298
3171.6505	3.6297
3173.8929	3.6292
3175.7472	3.6289
3177.9896	3.6284
3180.2322	3.6280
3182.0860	3.6277
3184.3287	3.6274
3186.3118	3.6271
3188.6847	3.6266
3190.6678	3.6263
3192.9109	3.6260
3195.0240	3.6255
3197.0068	3.6254
3199.2502	3.6251
3201.3633	3.6246
3203.3459	3.6242
3205.4589	3.6237
3207.4412	3.6236
3209.5542	3.6233
3211.7980	3.6229
3213.9110	3.6226
3216.0241	3.6222
3218.1371	3.6219
3220.2501	3.6216
3222.3631	3.6213
3224.4762	3.6211
3226.7207	3.6207
3228.7022	3.6204
3230.9469	3.6199
3233.0600	3.6197
3235.1731	3.6193
3237.2862	3.6190
3239.2673	3.6187
3241.2483	3.6184
3243.6256	3.6179
3245.7387	3.6176
3247.5871	3.6175
3249.8325	3.6170
3251.9455	3.6167
3254.1911	3.6162
3256.3042	3.6159
3258.4173	3.6156
3260.5304	3.6152
3262.6436	3.6149
3264.6236	3.6147
3266.7367	3.6143
3268.8497	3.6139
3270.9627	3.6136
3273.0757	3.6133
3275.3222	3.6127
3277.1682	3.6124
3279.2812	3.6123
3281.5278	3.6118
3283.5070	3.6114
3285.6200	3.6110
3287.8669	3.6107
3289.8459	3.6103
3291.8246	3.6101
3294.0717	3.6097
3296.1847	3.6092
3298.4320	3.6088
3300.4105	3.6085
3302.5235	3.6081
3304.7711	3.6077
3306.7494	3.6072
3308.7275	3.6069
3311.1102	3.6065
3313.0882	3.6062
3315.3362	3.6057
3317.3141	3.6054
3319.4270	3.6049
3321.5399	3.6046
3323.7883	3.6042
3325.9014	3.6039
3327.8788	3.6034
3330.1274	3.6030
3332.1046	3.6027
3334.3535	3.6022
3336.4665	3.6014
3338.4434	3.6013
3340.6925	3.6007
3342.5331	3.6004
3344.9186	3.5998
3346.8952	3.5995
3349.0081	3.5988
3351.2577	3.5984
3353.2340	3.5979
3355.4837	3.5975
3357.5967	3.5970
3359.5728	3.5967
3361.9598	3.5958
3363.9358	3.5955
3366.0488	3.5949
3368.0246	3.5944
3370.1375	3.5938
3372.2505	3.5933
3374.5009	3.5927
3376.4763	3.5921
3378.7270	3.5914
3380.8400	3.5908
3382.9530	3.5901
3385.0661	3.5895
3387.0410	3.5889
3389.2921	3.5882
3391.4051	3.5874
3393.3799	3.5868
3395.6312	3.5860
3397.7442	3.5853
3399.7187	3.5843
3401.9703	3.5836
3404.0833	3.5827
3406.3351	3.5818
3408.3093	3.5808
3410.2834	3.5799
3412.3963	3.5789
3414.6484	3.5776
3416.6222	3.5766
3418.8745	3.5753
3420.9875	3.5741
3423.1005	3.5727
3425.2135	3.5715
3427.3266	3.5700
3429.2998	3.5686
3431.6924	3.5669
3433.6656	3.5653
3435.7787	3.5636
3437.7516	3.5619
3440.1449	3.5599
3442.1177	3.5581
3444.0904	3.5560
3446.2033	3.5538
3448.3163	3.5517
3450.5698	3.5492
3452.8236	3.5468
3454.7959	3.5445
3456.7680	3.5422
3458.8810	3.5396
3461.1350	3.5369
3463.2480	3.5343
3465.2198	3.5315
3467.4740	3.5288
3469.5871	3.5257
3471.5586	3.5230
3473.6715	3.5200
3475.7845	3.5171
3478.0392	3.5138
3480.0104	3.5108
3482.2652	3.5074
3484.3782	3.5044
3486.4913	3.5012
3488.7464	3.4977
3490.5750	3.4943
3492.6880	3.4908
3494.9434	3.4871
3496.9139	3.4838
3499.1694	3.4800
3501.2824	3.4765
3503.2527	3.4728
3505.3656	3.4688
3507.7644	3.4647
3509.5915	3.4611
3511.8476	3.4569
3513.9606	3.4530
3515.9303	3.4488
3518.0433	3.4446
3520.1562	3.4403
3522.4127	3.4357
3524.5257	3.4313
3526.4950	3.4269
3528.6079	3.4221
3530.8648	3.4174
3532.8338	3.4125
3534.9468	3.4076
3537.2039	3.4028
3539.1726	3.3976
3541.2856	3.3924
3543.3985	3.3872
3545.5115	3.3817
3547.7690	3.3761
3549.5927	3.3706
3551.8503	3.3648
3554.1081	3.3588
3556.2211	3.3527
3558.0441	3.3466
3560.3020	3.3402
3562.5602	3.3335
3564.5279	3.3268
3566.6408	3.3199
3568.8992	3.3129
3570.7212	3.3057
3572.9797	3.2981
3574.9469	3.2905
3577.2055	3.2824
3579.3185	3.2741
3581.4314	3.2657
3583.3983	3.2569
3585.5112	3.2477
3587.7702	3.2383
3589.7369	3.2284
3591.8497	3.2181
3594.1091	3.2073
3596.2220	3.1962
3598.1883	3.1844
3600.4479	3.1720
3602.4140	3.1591
3604.5268	3.1450
3606.7867	3.1301
3608.8996	3.1139
3610.7230	3.0959
3612.9783	3.0752
3615.0911	3.0512
3617.2040	3.0233
3619.3168	2.9908
3621.5773	2.9529
3623.6902	2.9073
3625.8031	2.8545
3627.7682	2.7985
3629.7455	2.7500
