
capacity	voltage
2.1129	4.4352
4.2257	4.4315
6.3386	4.4286
8.4511	4.4262
10.5647	4.4239
12.6776	4.4219
14.7900	4.4202
16.9028	4.4187
19.0165	4.4169
21.1285	4.4155
23.2423	4.4140
25.3553	4.4126
27.4682	4.4112
29.5811	4.4100
31.6941	4.4086
33.8056	4.4076
35.9200	4.4063
38.0314	4.4051
40.1458	4.4041
42.2588	4.4030
44.3717	4.4019
46.4847	4.4009
48.5976	4.3996
50.7105	4.3987
52.8235	4.3976
54.9342	4.3967
57.0470	4.3958
59.1599	4.3949
61.2752	4.3938
63.3856	4.3929
65.4984	4.3922
67.6086	4.3912
69.7214	4.3905
71.8370	4.3897
73.9469	4.3890
76.0658	4.3877
78.1725	4.3871
80.2884	4.3864
82.4046	4.3854
84.5141	4.3848
86.6305	4.3839
88.7434	4.3832
90.8527	4.3824
92.9655	4.3816
95.0746	4.3810
97.1874	4.3803
99.3041	4.3796
101.4169	4.3789
103.5257	4.3783
105.6426	4.3777
107.7512	4.3767
109.8683	4.3760
111.9858	4.3752
114.0941	4.3748
116.2069	4.3740
118.3151	4.3734
120.4375	4.3728
122.5455	4.3722
124.6634	4.3716
126.7712	4.3708
128.8893	4.3700
130.9917	4.3696
133.1097	4.3688
135.2172	4.3684
137.3410	4.3676
139.4540	4.3670
141.5611	4.3665
143.6683	4.3659
145.7811	4.3651
147.8939	4.3647
150.0066	4.3641
152.1254	4.3635
154.2383	4.3629
156.3575	4.3622
158.4577	4.3616
160.5834	4.3612
162.6897	4.3606
164.8025	4.3598
166.9154	4.3592
169.0282	4.3587
171.1411	4.3580
173.2610	4.3575
175.3599	4.3571
177.4726	4.3566
179.5854	4.3560
181.7053	4.3554
183.8109	4.3549
185.9310	4.3542
188.0365	4.3537
190.1568	4.3531
192.2620	4.3525
194.3825	4.3519
196.4876	4.3514
198.6082	4.3508
200.7210	4.3503
202.8259	4.3497
204.9386	4.3493
207.0514	4.3485
209.1557	4.3479
211.2853	4.3473
213.3897	4.3468
215.5025	4.3464
217.6153	4.3458
219.7191	4.3453
221.8408	4.3447
223.9536	4.3442
226.0752	4.3436
228.1791	4.3432
230.3010	4.3424
232.4138	4.3418
234.5267	4.3413
236.6302	4.3409
238.7429	4.3403
240.8557	4.3398
242.9781	4.3392
245.0813	4.3387
247.1840	4.3383
249.3166	4.3377
251.4196	4.3371
253.5323	4.3365
255.6451	4.3358
257.7680	4.3354
259.8809	4.3348
261.9834	4.3343
264.0962	4.3339
266.2090	4.3334
268.3323	4.3326
270.4452	4.3322
272.5580	4.3317
274.6600	4.3310
276.7728	4.3305
278.8742	4.3301
281.0094	4.3293
283.1111	4.3288
285.2239	4.3284
287.3366	4.3278
289.4608	4.3272
291.5622	4.3267
293.6750	4.3262
295.7994	4.3255
297.9005	4.3250
300.0133	4.3244
302.1260	4.3239
304.2508	4.3233
306.3516	4.3229
308.4765	4.3223
310.5771	4.3218
312.6899	4.3212
314.8026	4.3207
316.9279	4.3200
319.0408	4.3194
321.1536	4.3189
323.2537	4.3183
325.3793	4.3177
327.4922	4.3172
329.6050	4.3168
331.7048	4.3162
333.8176	4.3156
335.9303	4.3151
338.0431	4.3146
340.1559	4.3139
342.2822	4.3133
344.3814	4.3127
346.5079	4.3120
348.6349	4.3114
350.7336	4.3110
352.8464	4.3104
354.9593	4.3098
357.0721	4.3093
359.1708	4.3085
361.2978	4.3079
363.4107	4.3073
365.5091	4.3069
367.6219	4.3062
369.7492	4.3055
371.8474	4.3050
373.9749	4.3046
376.0576	4.3040
378.1857	4.3035
380.2985	4.3027
382.4264	4.3021
384.5392	4.3014
386.6521	4.3009
388.7496	4.3004
390.8464	4.2998
392.9751	4.2992
395.0879	4.2986
397.2007	4.2982
399.2972	4.2975
401.4098	4.2968
403.5390	4.2962
405.6352	4.2957
407.7479	4.2951
409.8934	4.2945
411.9733	4.2939
414.1191	4.2933
416.2156	4.2927
418.3284	4.2922
420.4411	4.2914
422.5539	4.2908
424.6667	4.2902
426.7963	4.2896
428.8922	4.2890
431.0220	4.2884
433.1348	4.2879
435.2305	4.2873
437.3605	4.2867
439.4560	4.2863
441.5862	4.2853
443.6991	4.2847
445.7944	4.2843
447.9071	4.2837
450.0199	4.2831
452.1327	4.2824
454.2454	4.2818
456.3582	4.2812
458.4710	4.2808
460.6019	4.2798
462.7148	4.2794
464.8093	4.2788
466.9220	4.2782
469.0348	4.2776
471.1476	4.2770
473.2604	4.2763
475.3731	4.2757
477.5047	4.2751
479.5987	4.2744
481.6918	4.2737
483.8242	4.2731
485.9370	4.2725
488.0497	4.2719
490.1818	4.2712
492.2753	4.2707
494.4076	4.2701
496.5008	4.2695
498.6136	4.2686
500.7060	4.2681
502.8590	4.2673
504.9519	4.2669
507.0647	4.2663
509.1774	4.2657
511.2902	4.2650
513.3821	4.2644
515.4947	4.2638
517.6285	4.2632
519.7618	4.2625
521.8541	4.2618
523.9668	4.2612
526.1003	4.2605
528.1924	4.2600
530.3051	4.2594
532.4179	4.2586
534.5307	4.2580
536.6646	4.2573
538.7775	4.2567
540.8690	4.2560
543.0032	4.2554
545.1160	4.2548
547.2073	4.2542
549.3201	4.2536
551.4328	4.2530
553.5674	4.2524
555.6803	4.2518
557.7711	4.2510
559.8839	4.2504
562.0188	4.2496
564.1094	4.2492
566.2445	4.2484
568.3118	4.2480
570.4703	4.2472
572.5605	4.2467
574.6733	4.2458
576.8088	4.2452
578.9453	4.2446
581.0116	4.2440
583.1244	4.2434
585.2371	4.2426
587.3499	4.2420
589.4627	4.2415
591.5988	4.2408
593.6882	4.2400
595.8488	4.2393
597.9138	4.2387
600.0502	4.2380
602.1393	4.2374
604.2759	4.2368
606.3887	4.2361
608.5016	4.2354
610.6145	4.2348
612.7031	4.2341
614.8402	4.2333
616.9287	4.2330
619.0414	4.2322
621.1787	4.2315
623.2670	4.2310
625.3798	4.2304
627.5173	4.2296
629.6301	4.2290
631.7181	4.2283
633.8308	4.2277
635.9436	4.2269
638.0564	4.2263
640.2205	4.2255
642.2819	4.2251
644.4201	4.2243
646.5330	4.2235
648.6458	4.2229
650.7587	4.2222
652.8192	4.2217
654.9585	4.2209
657.0713	4.2203
659.1841	4.2197
661.2968	4.2191
663.4096	4.2184
665.5224	4.2177
667.6615	4.2170
669.7743	4.2162
671.8607	4.2156
673.9735	4.2150
676.0862	4.2144
678.1714	4.2138
680.3386	4.2130
682.4514	4.2123
684.5373	4.2115
686.6501	4.2109
688.7900	4.2103
690.8756	4.2097
693.0157	4.2089
695.1011	4.2083
697.2139	4.2077
699.3543	4.2069
701.4395	4.2065
703.5800	4.2055
705.6650	4.2049
707.7489	4.2043
709.9185	4.2037
712.0033	4.2029
714.1161	4.2023
716.2288	4.2017
718.3123	4.2011
720.4828	4.2002
722.5672	4.1996
724.7085	4.1990
726.8214	4.1984
728.8758	4.1979
731.0182	4.1970
733.1310	4.1965
735.2438	4.1959
737.3565	4.1952
739.4985	4.1944
741.6113	4.1938
743.7242	4.1930
745.8076	4.1924
747.9499	4.1918
750.0332	4.1913
752.1756	4.1904
754.2884	4.1900
756.4013	4.1892
758.4842	4.1886
760.5970	4.1878
762.7709	4.1871
764.8225	4.1866
766.9353	4.1860
769.0784	4.1852
771.1913	4.1846
773.2736	4.1840
775.3864	4.1831
777.5615	4.1823
779.6427	4.1817
781.7874	4.1811
783.8684	4.1805
785.9502	4.1801
788.0630	4.1793
790.2069	4.1787
792.3198	4.1781
794.4013	4.1772
796.5780	4.1764
798.6584	4.1758
800.7712	4.1753
802.8841	4.1746
804.9969	4.1740
807.1098	4.1733
809.1907	4.1727
811.3355	4.1720
813.4483	4.1711
815.5290	4.1706
817.6740	4.1698
819.7869	4.1692
821.8997	4.1686
823.9801	4.1682
826.1254	4.1674
828.2056	4.1668
830.2846	4.1660
832.4640	4.1653
834.5439	4.1646
836.6567	4.1639
838.7695	4.1633
840.8822	4.1625
842.9950	4.1621
845.1078	4.1613
847.2205	4.1607
849.3668	4.1599
851.4461	4.1593
853.5589	4.1587
855.7054	4.1579
857.8182	4.1573
859.8972	4.1567
862.0099	4.1561
864.1227	4.1555
866.2355	4.1546
868.3825	4.1540
870.4610	4.1534
872.6082	4.1526
874.6866	4.1520
876.8339	4.1514
878.9121	4.1509
881.0249	4.1501
883.1376	4.1495
885.2853	4.1486
887.3632	4.1480
889.5110	4.1474
891.6239	4.1466
893.7367	4.1462
895.8142	4.1456
897.9270	4.1450
900.0753	4.1442
902.1526	4.1436
904.3010	4.1428
906.4138	4.1421
908.4909	4.1415
910.6395	4.1408
912.7164	4.1402
914.8653	4.1395
916.9419	4.1390
919.0547	4.1384
921.2038	4.1375
923.2802	4.1369
925.3930	4.1363
927.5802	4.1355
929.6186	4.1350
931.8061	4.1343
933.8809	4.1337
935.9569	4.1331
938.1066	4.1324
940.2195	4.1315
942.2952	4.1311
944.4079	4.1303
946.5580	4.1295
948.6709	4.1289
950.7838	4.1282
952.8966	4.1277
955.0095	4.1271
957.1223	4.1263
959.2352	4.1256
961.3101	4.1251
963.4229	4.1244
965.5737	4.1237
967.6484	4.1231
969.7994	4.1224
971.8739	4.1219
974.0251	4.1212
976.0995	4.1207
978.2508	4.1198
980.2851	4.1193
982.4765	4.1186
984.5506	4.1181
986.7022	4.1173
988.7761	4.1167
990.8889	4.1161
993.0016	4.1154
995.1144	4.1146
997.2272	4.1140
999.3794	4.1134
1001.4527	4.1128
1003.5655	4.1122
1005.6783	4.1115
1007.7910	4.1108
1009.9038	4.1102
1012.0565	4.1096
1014.1693	4.1086
1016.2822	4.1082
1018.3950	4.1076
1020.4676	4.1068
1022.5804	4.1064
1024.6932	4.1056
1026.8883	4.1048
1028.9593	4.1042
1031.0315	4.1038
1033.1443	4.1030
1035.2570	4.1024
1037.4107	4.1016
1039.5236	4.1010
1041.6364	4.1004
1043.7081	4.0998
1045.8621	4.0992
1047.8909	4.0986
1050.0878	4.0977
1052.1592	4.0972
1054.3135	4.0964
1056.4264	4.0958
1058.5392	4.0952
1060.6103	4.0946
1062.7230	4.0941
1064.8778	4.0934
1066.9486	4.0928
1069.0613	4.0923
1071.1305	4.0914
1073.3292	4.0908
1075.4421	4.0900
1077.5124	4.0894
1079.6252	4.0888
1081.7806	4.0882
1083.8935	4.0876
1085.9635	4.0868
1088.0763	4.0862
1090.1890	4.0854
1092.3449	4.0848
1094.4577	4.0844
1096.5273	4.0838
1098.6834	4.0832
1100.7963	4.0824
1102.9092	4.0818
1104.9784	4.0812
1107.0461	4.0807
1109.2477	4.0797
1111.2714	4.0792
1113.4295	4.0786
1115.5423	4.0780
1117.6550	4.0774
1119.7678	4.0768
1121.8806	4.0761
1123.9475	4.0755
1126.0602	4.0748
1128.2189	4.0740
1130.2856	4.0734
1132.4891	4.0726
1134.5110	4.0722
1136.6700	4.0714
1138.7363	4.0710
1140.9405	4.0703
1143.0534	4.0696
1145.1210	4.0690
1147.2338	4.0684
1149.3466	4.0677
1151.4593	4.0671
1153.6176	4.0665
1155.6378	4.0659
1157.7505	4.0653
1159.9562	4.0647
1162.0690	4.0641
1164.1360	4.0633
1166.2487	4.0626
1168.4076	4.0620
1170.4743	4.0615
1172.5870	4.0609
1174.6998	4.0601
1176.8126	4.0595
1178.9719	4.0589
1181.0381	4.0584
1183.1509	4.0575
1185.2637	4.0571
1187.4233	4.0563
1189.4892	4.0558
1191.6490	4.0551
1193.7147	4.0546
1195.8747	4.0539
1197.9875	4.0533
1200.1004	4.0528
1202.1658	4.0520
1204.3261	4.0513
1206.4389	4.0508
1208.5041	4.0502
1210.6169	4.0496
1212.7297	4.0490
1214.8903	4.0484
1217.0032	4.0478
1219.1161	4.0471
1221.2289	4.0465
1223.3916	4.0456
1225.4546	4.0452
1227.5190	4.0446
1229.6803	4.0439
1231.7932	4.0433
1233.8574	4.0429
1236.0189	4.0423
1238.0829	4.0417
1240.1957	4.0410
1242.3574	4.0403
1244.4212	4.0397
1246.6339	4.0389
1248.6960	4.0383
1250.8088	4.0378
1252.9217	4.0372
1254.9851	4.0366
1257.1986	4.0359
1259.2106	4.0356
1261.3234	4.0348
1263.4860	4.0342
1265.5988	4.0334
1267.6617	4.0330
1269.7744	4.0323
1271.9374	4.0317
1274.0502	4.0311
1276.1631	4.0304
1278.2759	4.0299
1280.3888	4.0291
1282.5016	4.0285
1284.5638	4.0281
1286.7798	4.0273
1288.7894	4.0269
1290.9021	4.0262
1293.0149	4.0256
1295.1277	4.0250
1297.2404	4.0244
1299.3532	4.0238
1301.5173	4.0230
1303.6302	4.0224
1305.6915	4.0220
1307.8559	4.0212
1309.9687	4.0206
1312.0816	4.0200
1314.1426	4.0195
1316.3073	4.0188
1318.3681	4.0183
1320.5330	4.0174
1322.6458	4.0168
1324.7064	4.0163
1326.8192	4.0156
1328.9844	4.0150
1331.0448	4.0143
1333.1575	4.0139
1335.2703	4.0133
1337.3831	4.0127
1339.4958	4.0119
1341.6086	4.0113
1343.6666	4.0107
1345.8872	4.0101
1347.9469	4.0096
1350.0047	4.0090
1352.1173	4.0084
1354.3386	4.0076
1356.3980	4.0072
1358.5108	4.0064
1360.6235	4.0058
1362.7900	4.0052
1364.8491	4.0046
1367.0157	4.0040
1369.1286	4.0035
1371.1874	4.0029
1373.2442	4.0023
1375.4129	4.0017
1377.5257	4.0011
1379.6384	4.0003
1381.7512	3.9997
1383.9186	3.9991
1385.9768	3.9986
1388.0895	3.9980
1390.2023	3.9974
1392.3151	3.9968
1394.4278	3.9962
1396.5406	3.9956
1398.5964	3.9950
1400.8785	3.9942
1402.8789	3.9937
1405.0471	3.9930
1407.1045	3.9925
1409.2172	3.9919
1411.3300	3.9913
1413.4428	3.9907
1415.6114	3.9901
1417.7242	3.9893
1419.8371	3.9887
1422.0079	3.9881
1424.0628	3.9876
1426.1756	3.9870
1428.2885	3.9864
1430.4013	3.9858
1432.5142	3.9852
1434.6270	3.9846
1436.7399	3.9840
1438.8527	3.9832
1440.9088	3.9826
1443.0784	3.9820
1445.1913	3.9815
1447.2471	3.9809
1449.4170	3.9803
1451.5299	3.9797
1453.5261	3.9791
1455.7556	3.9785
1457.8684	3.9777
1459.9813	3.9773
1462.0941	3.9767
1464.1492	3.9760
1466.2620	3.9754
1468.4327	3.9748
1470.4875	3.9744
1472.6584	3.9736
1474.7131	3.9731
1476.8258	3.9727
1478.9969	3.9718
1481.1098	3.9712
1483.1642	3.9707
1485.2164	3.9701
1487.3897	3.9695
1489.5025	3.9690
1491.6152	3.9684
1493.7869	3.9678
1495.8998	3.9672
1498.0126	3.9664
1500.0663	3.9660
1502.1791	3.9654
1504.3512	3.9648
1506.4640	3.9641
1508.5769	3.9634
1510.7513	3.9629
1512.7429	3.9623
1514.9154	3.9617
1516.9685	3.9612
1519.0812	3.9605
1521.1940	3.9599
1523.3068	3.9593
1525.4195	3.9586
1527.5323	3.9582
1529.7054	3.9576
1531.8183	3.9570
1533.8706	3.9564
1535.9834	3.9559
1538.0335	3.9554
1540.2089	3.9547
1542.3217	3.9539
1544.4954	3.9533
1546.5472	3.9528
1548.7211	3.9522
1550.7728	3.9518
1552.8855	3.9510
1555.0596	3.9506
1557.1725	3.9498
1559.2239	3.9492
1561.3366	3.9486
1563.5111	3.9480
1565.6239	3.9475
1567.7368	3.9469
1569.8496	3.9463
1571.9625	3.9457
1574.0132	3.9451
1576.1882	3.9446
1578.3010	3.9440
1580.4783	3.9432
1582.5267	3.9426
1584.6396	3.9422
1586.6899	3.9416
1588.8653	3.9409
1590.9781	3.9403
1592.9632	3.9399
1595.1409	3.9393
1597.3167	3.9387
1599.3013	3.9382
1601.4792	3.9374
1603.5267	3.9368
1605.7048	3.9362
1607.7520	3.9358
1609.9303	3.9350
1612.1067	3.9345
1614.1559	3.9339
1616.2686	3.9335
1618.3154	3.9330
1620.4942	3.9322
1622.6709	3.9316
1624.7197	3.9312
1626.8325	3.9306
1628.9452	3.9301
1631.1223	3.9295
1633.1708	3.9290
1635.2836	3.9284
1637.4609	3.9277
1639.5738	3.9272
1641.6219	3.9266
1643.7346	3.9260
1645.7803	3.9255
1648.0252	3.9249
1650.0729	3.9245
1652.1857	3.9239
1654.2985	3.9232
1656.4112	3.9228
1658.5894	3.9222
1660.7023	3.9216
1662.8151	3.9208
1664.8623	3.9205
1666.9751	3.9199
1669.0879	3.9193
1671.2006	3.9188
1673.3134	3.9182
1675.4262	3.9178
1677.4706	3.9173
1679.7180	3.9167
1681.8308	3.9161
1683.8772	3.9156
1686.0565	3.9149
1688.1028	3.9144
1690.2156	3.9139
1692.3951	3.9133
1694.4411	3.9129
1696.6208	3.9123
1698.6666	3.9118
1700.7794	3.9112
1702.9593	3.9106
1705.0049	3.9101
1707.1850	3.9095
1709.2305	3.9091
1711.2735	3.9084
1713.4560	3.9080
1715.4989	3.9075
1717.6816	3.9069
1719.7242	3.9065
1721.9750	3.9059
1724.0199	3.9054
1726.2007	3.9049
1728.3136	3.9043
1730.4264	3.9037
1732.5393	3.9033
1734.5837	3.9028
1736.6965	3.9023
1738.8093	3.9017
1740.9907	3.9011
1743.0348	3.9008
1745.0764	3.9004
1747.3292	3.8997
1749.3731	3.8994
1751.5550	3.8988
1753.6678	3.8984
1755.7114	3.8978
1757.9652	3.8972
1759.9369	3.8967
1762.1192	3.8961
1764.2321	3.8958
1766.2753	3.8953
1768.4578	3.8949
1770.5008	3.8944
1772.6136	3.8938
1774.7263	3.8935
1776.8391	3.8929
1779.0220	3.8921
1781.0646	3.8918
1783.1047	3.8914
1785.3606	3.8907
1787.4735	3.8904
1789.5157	3.8900
1791.6285	3.8894
1793.7413	3.8891
1795.8540	3.8886
1797.8935	3.8882
1800.0796	3.8877
1802.1923	3.8872
1804.3051	3.8866
1806.4179	3.8863
1808.6020	3.8857
1810.6434	3.8854
1812.8277	3.8848
1814.8690	3.8845
1817.0534	3.8839
1819.1662	3.8834
1821.2073	3.8831
1823.3919	3.8825
1825.5048	3.8822
1827.6177	3.8817
1829.6583	3.8813
1831.7711	3.8807
1833.9562	3.8802
1836.0691	3.8798
1838.1094	3.8795
1840.2948	3.8788
1842.4076	3.8785
1844.4477	3.8781
1846.6333	3.8776
1848.6733	3.8773
1850.7860	3.8769
1853.0474	3.8762
1855.0116	3.8759
1857.1976	3.8755
1859.2371	3.8750
1861.3499	3.8746
1863.3867	3.8741
1865.5754	3.8737
1867.6882	3.8732
1869.8010	3.8729
1871.9137	3.8724
1873.9501	3.8721
1876.1393	3.8717
1878.2520	3.8711
1880.3648	3.8708
1882.4776	3.8703
1884.5903	3.8700
1886.7775	3.8694
1888.8159	3.8689
1890.9287	3.8685
1893.0414	3.8682
1895.1542	3.8677
1897.3418	3.8672
1899.3023	3.8669
1901.4925	3.8666
1903.6804	3.8662
1905.6404	3.8659
1907.8308	3.8654
1909.9436	3.8651
1912.1318	3.8645
1914.0911	3.8643
1916.3575	3.8637
1918.4703	3.8633
1920.5832	3.8628
1922.6202	3.8625
1924.8089	3.8621
1926.8457	3.8618
1928.9585	3.8614
1931.0713	3.8610
1933.3391	3.8605
1935.3731	3.8602
1937.4860	3.8598
1939.5224	3.8595
1941.6351	3.8592
1943.6687	3.8589
1945.8607	3.8584
1948.0503	3.8578
1950.0067	3.8575
1952.2760	3.8570
1954.3117	3.8567
1956.4245	3.8564
1958.6944	3.8558
1960.6500	3.8556
1962.8402	3.8552
1965.0332	3.8547
1967.1461	3.8544
1969.1788	3.8541
1971.2139	3.8538
1973.3267	3.8534
1975.4394	3.8529
1977.5522	3.8524
1979.6650	3.8521
1981.7777	3.8517
1983.8905	3.8514
1986.0816	3.8509
1988.1160	3.8506
1990.1477	3.8503
1992.3416	3.8499
1994.4544	3.8495
1996.5671	3.8491
1998.5984	3.8488
2000.7927	3.8483
2002.9844	3.8480
2005.0973	3.8476
2007.1310	3.8474
2009.2437	3.8468
2011.3565	3.8465
2013.5487	3.8460
2015.5821	3.8457
2017.7744	3.8453
2019.7253	3.8450
2021.9204	3.8447
2024.0331	3.8444
2026.1459	3.8439
2028.2587	3.8436
2030.3714	3.8434
2032.4842	3.8430
2034.6772	3.8427
2036.7097	3.8424
2038.7394	3.8421
2040.8521	3.8418
2042.9648	3.8413
2045.0775	3.8408
2047.2736	3.8405
2049.3028	3.8402
2051.4991	3.8399
2053.6929	3.8395
2055.7247	3.8393
2057.8374	3.8389
2059.9502	3.8386
2061.9789	3.8383
2064.1757	3.8378
2066.2885	3.8375
2068.3170	3.8372
2070.5957	3.8369
2072.7086	3.8366
2074.7396	3.8361
2076.9343	3.8358
2079.0471	3.8354
2081.1600	3.8349
2083.1907	3.8346
2085.3034	3.8344
2087.4162	3.8340
2089.6114	3.8335
2091.7243	3.8332
2093.9224	3.8329
2095.8673	3.8328
2097.9801	3.8323
2100.0928	3.8320
2102.2056	3.8315
2104.4014	3.8314
2106.4311	3.8309
2108.5439	3.8306
2110.7399	3.8302
2112.7694	3.8300
2114.9656	3.8294
2116.9950	3.8293
2119.1078	3.8288
2121.2205	3.8285
2123.3333	3.8282
2125.5299	3.8279
2127.5588	3.8276
2129.5848	3.8273
2131.6975	3.8271
2133.8102	3.8267
2135.9229	3.8265
2138.0355	3.8262
2140.1482	3.8257
2142.2609	3.8254
2144.5456	3.8250
2146.5738	3.8248
2148.5990	3.8245
2150.7993	3.8242
2152.9121	3.8238
2154.9370	3.8235
2157.1376	3.8230
2159.2504	3.8227
2161.2751	3.8225
2163.4759	3.8222
2165.5004	3.8219
2167.7015	3.8216
2169.8142	3.8213
2171.9270	3.8210
2174.0398	3.8207
2176.1525	3.8204
2178.2653	3.8201
2180.2892	3.8199
2182.4019	3.8195
2184.6036	3.8192
2186.7164	3.8189
2188.9155	3.8183
2190.9419	3.8181
2192.9653	3.8178
2195.0780	3.8175
2197.1907	3.8172
2199.3930	3.8169
2201.5926	3.8166
2203.6185	3.8164
2205.7313	3.8161
2207.7541	3.8158
2209.9568	3.8155
2211.9795	3.8152
2214.2697	3.8148
2216.2951	3.8146
2218.4079	3.8143
2220.5207	3.8140
2222.6335	3.8137
2224.7462	3.8134
2226.7682	3.8132
2228.9718	3.8129
2231.1725	3.8125
2233.1063	3.8122
2235.3101	3.8119
2237.5111	3.8116
2239.5356	3.8112
2241.7368	3.8109
2243.7612	3.8108
2245.7824	3.8105
2248.0754	3.8100
2250.0995	3.8099
2252.2122	3.8096
2254.3250	3.8094
2256.4378	3.8091
2258.6396	3.8087
2260.7525	3.8083
2262.6839	3.8082
2264.8888	3.8079
2267.1834	3.8074
2269.1144	3.8073
2271.3167	3.8071
2273.3399	3.8067
2275.5424	3.8062
2277.6553	3.8061
2279.6782	3.8058
2281.8810	3.8054
2283.8107	3.8053
2285.9234	3.8050
2288.1293	3.8045
2290.2421	3.8042
2292.2614	3.8041
2294.5581	3.8038
2296.4868	3.8036
2298.6932	3.8033
2300.8059	3.8030
2302.8248	3.8029
2305.1224	3.8024
2307.1442	3.8022
2309.3481	3.8019
2311.3698	3.8016
2313.5738	3.8012
2315.5953	3.8010
2317.7995	3.8006
2319.9124	3.8004
2321.9336	3.8001
2324.1381	3.7998
2326.1592	3.7995
2328.3638	3.7992
2330.4766	3.7989
2332.5895	3.7987
2334.5151	3.7986
2336.7230	3.7983
2338.9280	3.7978
2340.9485	3.7977
2343.0613	3.7975
2345.2666	3.7971
2347.2869	3.7967
2349.3996	3.7966
2351.5124	3.7963
2353.5292	3.7961
2355.6419	3.7958
2357.7546	3.7954
2359.9635	3.7952
2361.9800	3.7949
2364.1890	3.7946
2366.3951	3.7943
2368.4145	3.7940
2370.5273	3.7939
2372.5434	3.7937
2374.8465	3.7934
2376.9594	3.7931
2378.9784	3.7928
2381.1851	3.7925
2383.1068	3.7923
2385.4108	3.7920
2387.4295	3.7919
2389.5422	3.7916
2391.7493	3.7911
2393.8622	3.7910
2395.8806	3.7908
2397.8956	3.7906
2400.0083	3.7903
2402.1210	3.7900
2404.4265	3.7894
2406.4444	3.7893
2408.4590	3.7891
2410.5717	3.7890
2412.6844	3.7887
2414.9907	3.7884
2417.0082	3.7881
2419.1210	3.7879
2421.2338	3.7876
2423.3466	3.7874
2425.4593	3.7871
2427.5721	3.7868
2429.5858	3.7867
2431.7976	3.7864
2433.9104	3.7861
2436.1193	3.7858
2438.0366	3.7856
2440.2487	3.7853
2442.2619	3.7852
2444.4742	3.7848
2446.3876	3.7847
2448.6998	3.7844
2450.8126	3.7839
2453.0221	3.7836
2455.0381	3.7835
2457.0507	3.7833
2459.3606	3.7830
2461.3764	3.7827
2463.4892	3.7827
2465.6992	3.7823
2467.7147	3.7821
2469.8275	3.7818
2472.0378	3.7816
2474.0530	3.7813
2476.1658	3.7812
2478.3763	3.7809
2480.4892	3.7806
2482.5041	3.7804
2484.5156	3.7803
2486.8277	3.7798
2488.8424	3.7798
2490.9552	3.7795
2493.0679	3.7792
2495.1807	3.7790
2497.2935	3.7787
2499.4063	3.7786
2501.6177	3.7781
2503.6318	3.7780
2505.8434	3.7777
2507.8573	3.7774
2509.9701	3.7772
2511.9805	3.7771
2514.1956	3.7768
2516.2059	3.7766
2518.4212	3.7763
2520.6334	3.7760
2522.6467	3.7758
2524.7595	3.7755
2526.9719	3.7754
2528.9850	3.7751
2531.0978	3.7749
2533.2106	3.7746
2535.3233	3.7745
2537.4361	3.7742
2539.4454	3.7740
2541.7619	3.7737
2543.6707	3.7736
2545.7834	3.7733
2548.0000	3.7729
2550.2133	3.7726
2552.2255	3.7723
2554.2342	3.7722
2556.4510	3.7720
2558.6647	3.7717
2560.6766	3.7716
2562.6849	3.7714
2564.7976	3.7711
2567.0149	3.7708
2569.1276	3.7707
2571.1356	3.7705
2573.3532	3.7700
2575.3610	3.7699
2577.4737	3.7699
2579.6915	3.7694
2581.6990	3.7693
2583.9170	3.7691
2585.9244	3.7690
2588.0371	3.7687
2590.1498	3.7685
2592.3681	3.7682
2594.3751	3.7681
2596.4878	3.7679
2598.8089	3.7675
2600.8192	3.7673
2602.8259	3.7673
2604.9386	3.7668
2607.0512	3.7667
2609.2703	3.7664
2611.2766	3.7662
2613.3893	3.7661
2615.6086	3.7656
2617.7213	3.7655
2619.7273	3.7653
2621.8400	3.7652
2623.9527	3.7649
2626.1724	3.7647
2628.3889	3.7644
2630.5017	3.7642
2632.5107	3.7641
2634.6235	3.7638
2636.8403	3.7636
2638.7415	3.7635
2640.8542	3.7632
2642.9669	3.7630
2645.2917	3.7627
2647.1922	3.7627
2649.3049	3.7626
2651.5257	3.7623
2653.5303	3.7621
2655.7512	3.7618
2657.9688	3.7615
2659.9767	3.7612
2662.0895	3.7610
2664.2023	3.7609
2666.4202	3.7606
2668.5331	3.7603
2670.5406	3.7601
2672.6533	3.7600
2674.7661	3.7597
2676.8789	3.7595
2679.0973	3.7592
2680.9952	3.7591
2683.1078	3.7589
2685.2205	3.7588
2687.4427	3.7583
2689.4459	3.7583
2691.6683	3.7580
2693.5615	3.7580
2695.8938	3.7577
2697.8966	3.7575
2700.1194	3.7572
2702.1220	3.7571
2704.2347	3.7569
2706.4577	3.7566
2708.5704	3.7565
2710.5727	3.7562
2712.9030	3.7560
2715.0158	3.7556
2717.0215	3.7554
2719.0235	3.7554
2721.2470	3.7549
2723.2488	3.7548
2725.4726	3.7546
2727.5854	3.7545
2729.6981	3.7542
2731.6996	3.7540
2733.8122	3.7539
2735.9249	3.7537
2738.1492	3.7534
2740.1503	3.7533
2742.2630	3.7531
2744.4875	3.7528
2746.6003	3.7527
2748.7130	3.7523
2750.8258	3.7522
2752.8264	3.7520
2754.9391	3.7519
2757.1641	3.7516
2759.1644	3.7516
2761.3897	3.7513
2763.3898	3.7511
2765.5025	3.7508
2767.7280	3.7507
2769.7279	3.7504
2771.8405	3.7504
2774.0663	3.7501
2775.9528	3.7498
2778.2918	3.7494
2780.2913	3.7493
2782.4040	3.7491
2784.6301	3.7490
2786.6293	3.7488
2788.8557	3.7485
2790.7409	3.7484
2792.9674	3.7482
2794.9661	3.7481
2797.3067	3.7478
2799.4195	3.7476
2801.3039	3.7475
2803.5308	3.7472
2805.7578	3.7470
2807.7562	3.7469
2809.9834	3.7465
2811.8669	3.7465
2814.0942	3.7462
2816.3217	3.7459
2818.4344	3.7458
2820.4323	3.7456
2822.5449	3.7455
2824.6576	3.7453
2826.8855	3.7450
2828.8830	3.7449
2830.9957	3.7447
2833.1084	3.7446
2835.2210	3.7444
2837.3337	3.7440
2839.5621	3.7438
2841.5591	3.7436
2843.6718	3.7435
2845.7845	3.7433
2848.0132	3.7430
2850.0098	3.7429
2852.1225	3.7427
2854.2352	3.7424
2856.3479	3.7423
2858.5771	3.7420
2860.6898	3.7420
2862.6859	3.7418
2864.7986	3.7415
2866.9113	3.7414
2869.1409	3.7411
2871.2537	3.7409
2873.2493	3.7409
2875.3620	3.7407
2877.4747	3.7404
2879.7048	3.7401
2881.8175	3.7400
2883.8128	3.7398
2885.9254	3.7397
2888.0381	3.7394
2890.0330	3.7394
2892.3814	3.7391
2894.4941	3.7389
2896.4889	3.7388
2898.7197	3.7383
2900.7142	3.7382
2902.9452	3.7380
2905.0580	3.7377
2907.0523	3.7377
2909.1650	3.7374
2911.3963	3.7371
2913.6240	3.7369
2915.6218	3.7368
2917.7346	3.7366
2919.7284	3.7365
2921.8411	3.7363
2924.0729	3.7362
2926.1857	3.7359
2928.2985	3.7356
2930.4112	3.7354
2932.2849	3.7354
2934.5172	3.7353
2936.5101	3.7350
2938.8623	3.7348
2940.9751	3.7345
2942.9679	3.7343
2945.2006	3.7342
2947.1933	3.7340
2949.4261	3.7337
2951.5389	3.7336
2953.5313	3.7336
2955.6440	3.7333
2957.7567	3.7331
2959.9900	3.7327
2962.1028	3.7325
2964.2155	3.7324
2966.3283	3.7322
2968.3201	3.7321
2970.4328	3.7319
2972.6666	3.7317
2974.7794	3.7313
2976.7708	3.7314
2979.0049	3.7311
2980.9962	3.7310
2983.3481	3.7307
2985.4610	3.7304
2987.3342	3.7304
2989.5688	3.7301
2991.6815	3.7299
2993.7943	3.7298
2995.9071	3.7296
2998.0198	3.7295
3000.1326	3.7292
3002.3638	3.7288
3004.3582	3.7287
3006.3484	3.7285
3008.7024	3.7282
3010.5738	3.7282
3012.8092	3.7279
3014.9220	3.7278
3017.0348	3.7276
3019.1475	3.7273
3021.2603	3.7270
3023.4923	3.7267
3025.3625	3.7267
3027.5986	3.7264
3029.8309	3.7261
3031.8242	3.7259
3033.8133	3.7258
3036.1694	3.7253
3038.1625	3.7253
3040.3951	3.7250
3042.3880	3.7249
3044.5008	3.7247
3046.7337	3.7244
3048.7263	3.7243
3050.8391	3.7240
3052.9518	3.7240
3055.0646	3.7237
3057.1774	3.7235
3059.2902	3.7232
3061.4029	3.7230
3063.5157	3.7227
3065.5035	3.7227
3067.7412	3.7224
3069.7289	3.7223
3071.9668	3.7220
3074.0795	3.7217
3076.3136	3.7214
3078.3051	3.7211
3080.4179	3.7209
3082.4050	3.7208
3084.6434	3.7206
3086.6304	3.7205
3088.7430	3.7201
3090.9817	3.7200
3093.0945	3.7197
3095.2072	3.7195
3097.1938	3.7194
3099.3065	3.7192
3101.4191	3.7189
3103.5318	3.7189
3105.7711	3.7185
3107.8839	3.7183
3109.9966	3.7182
3112.1094	3.7180
3114.0952	3.7177
3116.3349	3.7176
3118.4477	3.7173
3120.6836	3.7171
3122.5460	3.7169
3124.6587	3.7168
3126.7713	3.7166
3129.0115	3.7163
3131.2478	3.7160
3133.2371	3.7159
3135.3499	3.7154
3137.5864	3.7153
3139.4474	3.7151
3141.6882	3.7148
3143.9249	3.7145
3146.0378	3.7144
3148.0265	3.7142
3150.1392	3.7140
3152.2520	3.7137
3154.2362	3.7136
3156.6021	3.7131
3158.7149	3.7131
3160.7031	3.7128
3162.8159	3.7125
3164.9286	3.7124
3167.0414	3.7121
3169.1542	3.7119
3171.2669	3.7116
3173.3797	3.7113
3175.4925	3.7111
3177.6052	3.7110
3179.7180	3.7107
3181.8308	3.7104
3183.8138	3.7104
3186.0563	3.7099
3188.0392	3.7098
3190.2819	3.7095
3192.3946	3.7092
3194.3772	3.7090
3196.6202	3.7087
3198.6026	3.7084
3200.8457	3.7082
3202.9585	3.7079
3205.0712	3.7076
3207.1840	3.7075
3209.2968	3.7072
3211.2787	3.7069
3213.5223	3.7066
3215.6351	3.7064
3217.8748	3.7061
3219.9876	3.7058
3221.9734	3.7055
3224.0862	3.7053
3226.1989	3.7050
3228.3117	3.7047
3230.4245	3.7043
3232.5373	3.7040
3234.7776	3.7037
3236.6309	3.7035
3238.7436	3.7032
3240.8562	3.7029
3243.1011	3.7026
3245.2139	3.7021
3247.3266	3.7018
3249.4394	3.7015
3251.5522	3.7012
3253.5323	3.7011
3255.7777	3.7008
3257.8905	3.7005
3259.8704	3.7002
3261.9831	3.6999
3264.0958	3.6995
3266.4704	3.6991
3268.4543	3.6988
3270.6961	3.6982
3272.6799	3.6979
3274.7926	3.6976
3277.0347	3.6971
3279.0182	3.6968
3280.9972	3.6967
3283.2437	3.6962
3285.4861	3.6957
3287.5989	3.6954
3289.5820	3.6951
3291.6948	3.6947
3293.8076	3.6944
3296.0503	3.6941
3297.8987	3.6938
3300.1459	3.6934
3302.2586	3.6928
3304.5017	3.6925
3306.3494	3.6922
3308.4621	3.6919
3310.5748	3.6915
3312.8225	3.6912
3314.9353	3.6909
3317.0480	3.6904
3319.1608	3.6901
3321.1382	3.6898
3323.3863	3.6893
3325.4991	3.6890
3327.6119	3.6887
3329.8560	3.6884
3331.8374	3.6880
3333.9502	3.6876
3335.9270	3.6873
3338.1757	3.6867
3340.2885	3.6864
3342.2650	3.6861
3344.6459	3.6857
3346.7588	3.6854
3348.8717	3.6851
3350.7158	3.6847
3352.8285	3.6844
3355.0779	3.6841
3357.1906	3.6837
3359.4359	3.6832
3361.4162	3.6829
3363.6616	3.6826
3365.6417	3.6823
3367.6172	3.6820
3369.8673	3.6814
3371.8426	3.6811
3374.0928	3.6806
3376.2056	3.6803
3378.3183	3.6800
3380.4311	3.6796
3382.5439	3.6793
3384.6567	3.6788
3386.7694	3.6785
3389.1540	3.6780
3390.9950	3.6777
3393.2416	3.6773
3395.3544	3.6768
3397.3333	3.6765
3399.4460	3.6761
3401.6930	3.6754
3403.6716	3.6751
3405.6455	3.6748
3408.0315	3.6742
3410.1444	3.6736
3412.1227	3.6733
3414.0963	3.6730
3416.3482	3.6725
3418.3216	3.6721
3420.4343	3.6716
3422.4075	3.6712
3424.6597	3.6707
3426.9120	3.6699
3429.0248	3.6696
3431.1376	3.6692
3433.1104	3.6687
3435.4986	3.6683
3437.3358	3.6678
3439.4485	3.6675
3441.5612	3.6670
3443.8142	3.6664
3445.7865	3.6660
3447.8992	3.6655
3450.1525	3.6651
3452.2653	3.6646
3454.3780	3.6640
3456.3499	3.6637
3458.6036	3.6631
3460.8529	3.6626
3462.8291	3.6623
3464.9419	3.6619
3467.0547	3.6614
3469.3043	3.6611
3471.2802	3.6608
3473.5300	3.6603
3475.3641	3.6600
3477.6185	3.6597
3479.7313	3.6593
3481.7021	3.6590
3483.8148	3.6587
3486.2071	3.6582
3488.3199	3.6579
3490.2951	3.6576
3492.5456	3.6573
3494.5207	3.6570
3496.4909	3.6568
3498.8842	3.6565
3500.8590	3.6564
3502.9717	3.6561
3504.9417	3.6559
3507.0543	3.6558
3509.3100	3.6555
3511.2797	3.6553
3513.5356	3.6550
3515.6484	3.6548
3517.6178	3.6547
3519.7304	3.6545
3522.1256	3.6542
3523.9558	3.6541
3526.2122	3.6538
3528.1812	3.6536
3530.2939	3.6535
3532.4065	3.6533
3534.3752	3.6532
3536.6319	3.6529
3538.7446	3.6527
3540.8573	3.6524
3543.1144	3.6522
3545.2271	3.6521
3547.1953	3.6519
3549.4527	3.6516
3551.7055	3.6515
3553.5334	3.6515
3555.6461	3.6512
3557.7587	3.6510
3560.0165	3.6507
3562.1293	3.6506
3564.3826	3.6503
3566.2095	3.6501
3568.3222	3.6500
3570.4348	3.6498
3572.5475	3.6497
3574.8059	3.6493
3576.7729	3.6492
3579.0314	3.6490
3580.8523	3.6489
3583.1109	3.6486
3585.2236	3.6484
3587.3363	3.6483
3589.3027	3.6480
3591.5617	3.6478
3593.8208	3.6475
3595.7870	3.6472
3598.0464	3.6469
3600.1591	3.6466
3602.1251	3.6466
3604.3847	3.6461
3606.4974	3.6460
3608.4631	3.6458
3610.5758	3.6455
3612.6885	3.6454
3614.9485	3.6449
3616.9139	3.6448
3618.8790	3.6446
3621.1392	3.6443
3623.1042	3.6442
3625.3646	3.6439
3627.3294	3.6435
3629.5900	3.6432
3631.8507	3.6429
3633.9634	3.6426
3636.0762	3.6423
3638.0407	3.6422
3640.3018	3.6417
3642.4145	3.6413
3644.5273	3.6410
3646.6401	3.6406
3648.6041	3.6405
3650.8656	3.6400
3652.9784	3.6397
3654.9422	3.6394
3657.0549	3.6391
3659.3167	3.6387
3661.2802	3.6384
3663.5422	3.6379
3665.5056	3.6376
3667.6183	3.6371
3669.7310	3.6367
3671.9933	3.6362
3673.9563	3.6358
3676.2188	3.6353
3678.1817	3.6349
3680.2944	3.6344
3682.7024	3.6338
3684.6699	3.6332
3686.6324	3.6329
3689.0410	3.6321
3691.0082	3.6316
3693.1210	3.6310
3695.3795	3.6304
3697.3465	3.6297
3699.6052	3.6289
3701.5721	3.6283
3703.5339	3.6275
3705.7976	3.6268
3707.7593	3.6260
3709.8719	3.6252
3711.9846	3.6243
3714.2487	3.6233
3716.2100	3.6225
3718.4742	3.6214
3720.4354	3.6205
3722.6998	3.6193
3724.8125	3.6181
3726.7734	3.6170
3729.0381	3.6158
3730.9988	3.6146
3733.2636	3.6130
3735.3764	3.6117
3737.4891	3.6101
3739.6019	3.6088
3741.7147	3.6069
3743.6749	3.6054
3745.6349	3.6037
3748.0530	3.6019
3750.1658	3.5999
3752.2785	3.5979
3754.2383	3.5959
3756.3510	3.5940
3758.6168	3.5917
3760.5763	3.5894
3762.6890	3.5872
3764.9552	3.5848
3766.9144	3.5822
3769.0271	3.5798
3770.9860	3.5772
3773.2524	3.5746
3775.3651	3.5717
3777.6318	3.5689
3779.4364	3.5660
3781.7032	3.5631
3783.8159	3.5601
3786.0828	3.5572
3788.0412	3.5541
3789.9994	3.5512
3792.2666	3.5479
3794.3793	3.5448
3796.4920	3.5416
3798.7595	3.5381
3800.7173	3.5349
3802.9850	3.5314
3805.0978	3.5280
3807.2105	3.5244
3809.1681	3.5209
3811.2807	3.5174
3813.3934	3.5135
3815.5061	3.5097
3817.7744	3.5059
3819.8872	3.5019
3821.8442	3.4981
3823.9568	3.4940
3826.2255	3.4899
3828.3382	3.4856
3830.2949	3.4812
3832.5638	3.4771
3834.5203	3.4726
3836.6329	3.4682
3838.7456	3.4633
3840.8583	3.4588
3843.1276	3.4540
3845.2404	3.4491
3847.3532	3.4441
3849.3090	3.4391
3851.5787	3.4339
3853.5344	3.4285
3855.8042	3.4232
3857.7598	3.4177
3859.8725	3.4121
3862.1425	3.4061
3864.0978	3.4003
3866.3681	3.3942
3868.3232	3.3881
3870.5936	3.3817
3872.5486	3.3751
3874.6612	3.3684
3876.7739	3.3614
3878.8866	3.3542
3880.9993	3.3471
3883.1120	3.3396
3885.3830	3.3315
3887.3373	3.3236
3889.4500	3.3152
3891.7213	3.3066
3893.6754	3.2976
3896.1005	3.2883
3897.9008	3.2787
3900.1724	3.2685
3902.1261	3.2580
3904.3979	3.2470
3906.3515	3.2354
3908.6235	3.2232
3910.8905	3.2103
3912.8490	3.1968
3914.8022	3.1824
3916.9149	3.1669
3919.0276	3.1501
3921.1403	3.1312
3923.4129	3.1096
3925.3656	3.0851
3927.4783	3.0559
3929.7512	3.0205
3931.8639	2.9760
3933.8164	2.9177
3935.9291	2.8412
3937.9754	2.7500
